%YAML:1.0
LPQ2_M7_a0: !!opencv-matrix
   rows: 8
   cols: 8
   dt: f
   data: [ 0., 0., 6.93816125e-001, 4.66752681e-008, -7.07106769e-001,
       0., 0., 1.36452451e-001, 9.94629622e-001, -2.88379379e-005, 0.,
       0., 0., -7.31865764e-002, 7.31823370e-002, 0., 0., 0.,
       6.93816125e-001, 4.66752681e-008, 7.07106769e-001, 0., 0.,
       1.36452451e-001, 2.88385727e-005, 9.94629562e-001, 0., 0., 0.,
       -7.31823370e-002, -7.31865913e-002, 0., 0., 0., 1.36452511e-001,
       -7.07106769e-001, 0., 0., 0., -6.93816066e-001, 7.31865764e-002,
       7.31823370e-002, 0., 0., 0., 9.94629622e-001, 2.88379379e-005, 0.,
       0., 0., 1.36452407e-001, 7.07106829e-001, 0., 0., 0.,
       -6.93816066e-001, -7.31823370e-002, 7.31865913e-002, 0., 0., 0.,
       -2.88385727e-005, 9.94629562e-001, 0. ]
