%YAML:1.0
LPQ2_M7_a0: !!opencv-matrix
   rows: 6
   cols: 7
   dt: f
   data: [ 1., 1., 1., 1., 1., 1., 1., 0., 0., 0., 0., 0., 0., 0.,
       -9.00968850e-001, -2.22520933e-001, 6.23489797e-001, 1.,
       6.23489797e-001, -2.22520933e-001, -9.00968850e-001,
       4.33883727e-001, 9.74927902e-001, 7.81831503e-001, 0.,
       -7.81831503e-001, -9.74927902e-001, -4.33883727e-001,
       -9.00968850e-001, -2.22520933e-001, 6.23489797e-001, 1.,
       6.23489797e-001, -2.22520933e-001, -9.00968850e-001,
       -4.33883727e-001, -9.74927902e-001, -7.81831503e-001, 0.,
       7.81831503e-001, 9.74927902e-001, 4.33883727e-001 ]
