%YAML:1.0
mrmMat: !!opencv-matrix
   rows: 1
   cols: 200
   dt: f
   data: [ 3.65559311e+001, 6.06644058e+001, 9.39220352e+001,
       1.37762711e+002, 1.79399994e+002, 2.03735596e+002,
       2.11986435e+002, 2.08718643e+002, 1.93027115e+002,
       1.74135590e+002, 166., 1.66430511e+002, 1.68498306e+002,
       1.69600006e+002, 1.69959320e+002, 1.68711868e+002,
       1.65769485e+002, 1.61559326e+002, 1.53325424e+002,
       1.31820343e+002, 4.33694916e+001, 6.78644104e+001,
       9.79050827e+001, 1.38396606e+002, 1.78786438e+002,
       2.03532196e+002, 2.11291519e+002, 2.03376266e+002,
       1.77159317e+002, 1.46579666e+002, 1.31759323e+002,
       1.30040680e+002, 1.30928818e+002, 1.30606781e+002,
       1.29783051e+002, 1.27467796e+002, 1.23538986e+002,
       1.19108475e+002, 1.12440681e+002, 9.67830505e+001,
       5.00135574e+001, 7.63084717e+001, 1.05294914e+002,
       1.44166107e+002, 1.84420334e+002, 2.10332199e+002,
       2.17410172e+002, 2.03637283e+002, 1.66325424e+002,
       1.24261017e+002, 1.02528816e+002, 9.75423737e+001,
       9.58440704e+001, 9.25728836e+001, 8.91491547e+001,
       8.52237320e+001, 8.04542389e+001, 7.56983032e+001,
       7.04881363e+001, 6.08474579e+001, 5.28576279e+001,
       8.14508438e+001, 1.12471184e+002, 1.52911865e+002,
       1.94569489e+002, 2.20986435e+002, 2.25403397e+002,
       2.04369492e+002, 1.58308472e+002, 1.09471184e+002,
       8.36542358e+001, 7.58067780e+001, 7.14271164e+001,
       6.53864441e+001, 5.96101685e+001, 5.47288132e+001,
       5.02237282e+001, 4.58677979e+001, 4.19186440e+001,
       3.65593224e+001, 5.69932213e+001, 8.96271210e+001,
       1.24230507e+002, 1.66420334e+002, 2.07474579e+002,
       2.30538986e+002, 2.28627121e+002, 1.98840683e+002,
       1.46369492e+002, 9.59457626e+001, 6.97660980e+001,
       6.03288155e+001, 5.39830513e+001, 4.65525436e+001,
       4.01966095e+001, 3.56542358e+001, 3.25254250e+001,
       2.94033890e+001, 2.70033894e+001, 2.41423721e+001,
       7.15898285e+001, 1.10583054e+002, 1.47677963e+002,
       1.86396606e+002, 2.19911865e+002, 2.33281357e+002,
       2.20674576e+002, 1.81603394e+002, 1.26101692e+002,
       7.91898270e+001, 5.59152527e+001, 4.67118645e+001,
       3.99016953e+001, 3.29525414e+001, 2.78576279e+001,
       2.49932213e+001, 2.34372883e+001, 2.19288139e+001,
       2.09491520e+001, 1.92983055e+001, 9.60610199e+001,
       1.41040680e+002, 1.76162704e+002, 2.04759323e+002,
       2.23955933e+002, 2.22467804e+002, 1.97454239e+002,
       1.52115250e+002, 9.89050827e+001, 6.00271187e+001,
       4.25186424e+001, 3.54779663e+001, 2.98508472e+001,
       2.44508476e+001, 2.10033894e+001, 1.95694923e+001,
       1.91559315e+001, 1.84745770e+001, 1.81864414e+001,
       1.71728821e+001, 1.19423729e+002, 1.66196609e+002,
       1.94318649e+002, 2.08942368e+002, 2.11447464e+002,
       1.94949158e+002, 1.60589828e+002, 1.14779663e+002,
       7.00237274e+001, 4.19864426e+001, 3.10813560e+001,
       2.71457634e+001, 2.34745770e+001, 1.98067799e+001,
       1.77491531e+001, 1.69830513e+001, 1.69389839e+001,
       1.63932209e+001, 1.63186436e+001, 1.59186440e+001,
       1.27328812e+002, 1.68572876e+002, 1.86793213e+002,
       1.88606781e+002, 1.78216949e+002, 1.53203384e+002,
       1.17437286e+002, 7.88711853e+001, 4.67694931e+001,
       2.96644077e+001, 2.42305088e+001, 2.24881363e+001,
       2.00508480e+001, 1.71898308e+001, 1.58033895e+001,
       1.55288134e+001, 1.57186441e+001, 1.52033901e+001,
       1.51559324e+001, 1.54406776e+001, 1.16328812e+002,
       1.46545761e+002, 1.55257629e+002, 1.49488129e+002,
       1.34427124e+002, 1.09735596e+002, 8.03661041e+001,
       5.33050842e+001, 3.36406784e+001, 2.42983055e+001,
       2.17932205e+001, 2.06881351e+001, 1.86203384e+001,
       1.62779655e+001, 1.51898308e+001, 1.53389826e+001,
       1.57423725e+001, 1.56203394e+001, 1.58033895e+001,
       1.64881363e+001 ]
