%YAML:1.0
Mean: !!opencv-matrix
   rows: 1
   cols: 200
   dt: f
   data: [ 36.55593109, 60.66440582, 93.92203522, 137.76271057,
       179.39999390, 203.73559570, 211.98643494, 208.71864319,
       193.02711487, 174.13558960, 166., 166.43051147, 168.49830627,
       169.60000610, 169.95932007, 168.71186829, 165.76948547,
       161.55932617, 153.32542419, 131.82034302, 43.36949158,
       67.86441040, 97.90508270, 138.39660645, 178.78643799,
       203.53219604, 211.29151917, 203.37626648, 177.15931702,
       146.57966614, 131.75932312, 130.04067993, 130.92881775,
       130.60678101, 129.78305054, 127.46779633, 123.53898621,
       119.10847473, 112.44068146, 96.78305054, 50.01355743, 76.30847168,
       105.29491425, 144.16610718, 184.42033386, 210.33219910,
       217.41017151, 203.63728333, 166.32542419, 124.26101685,
       102.52881622, 97.54237366, 95.84407043, 92.57288361, 89.14915466,
       85.22373199, 80.45423889, 75.69830322, 70.48813629, 60.84745789,
       52.85762787, 81.45084381, 112.47118378, 152.91186523,
       194.56948853, 220.98643494, 225.40339661, 204.36949158,
       158.30847168, 109.47118378, 83.65423584, 75.80677795, 71.42711639,
       65.38644409, 59.61016846, 54.72881317, 50.22372818, 45.86779785,
       41.91864395, 36.55932236, 56.99322128, 89.62712097, 124.23050690,
       166.42033386, 207.47457886, 230.53898621, 228.62712097,
       198.84068298, 146.36949158, 95.94576263, 69.76609802, 60.32881546,
       53.98305130, 46.55254364, 40.19660950, 35.65423584, 32.52542496,
       29.40338898, 27.00338936, 24.14237213, 71.58982849, 110.58305359,
       147.67796326, 186.39660645, 219.91186523, 233.28135681,
       220.67457581, 181.60339355, 126.10169220, 79.18982697,
       55.91525269, 46.71186447, 39.90169525, 32.95254135, 27.85762787,
       24.99322128, 23.43728828, 21.92881393, 20.94915199, 19.29830551,
       96.06101990, 141.04067993, 176.16270447, 204.75932312,
       223.95593262, 222.46780396, 197.45423889, 152.11524963,
       98.90508270, 60.02711868, 42.51864243, 35.47796631, 29.85084724,
       24.45084763, 21.00338936, 19.56949234, 19.15593147, 18.47457695,
       18.18644142, 17.17288208, 119.42372894, 166.19660950,
       194.31864929, 208.94236755, 211.44746399, 194.94915771,
       160.58982849, 114.77966309, 70.02372742, 41.98644257, 31.08135605,
       27.14576340, 23.47457695, 19.80677986, 17.74915314, 16.98305130,
       16.93898392, 16.39322090, 16.31864357, 15.91864395, 127.32881165,
       168.57287598, 186.79321289, 188.60678101, 178.21694946,
       153.20338440, 117.43728638, 78.87118530, 46.76949310, 29.66440773,
       24.23050880, 22.48813629, 20.05084801, 17.18983078, 15.80338955,
       15.52881336, 15.71864414, 15.20339012, 15.15593243, 15.44067764,
       116.32881165, 146.54576111, 155.25762939, 149.48812866,
       134.42712402, 109.73559570, 80.36610413, 53.30508423, 33.64067841,
       24.29830551, 21.79322052, 20.68813515, 18.62033844, 16.27796555,
       15.18983078, 15.33898258, 15.74237251, 15.62033939, 15.80338955,
       16.48813629 ]
