%YAML:1.0
mrmMat: !!opencv-matrix
   rows: 1
   cols: 400
   dt: f
   data: [ 2.96677971e+001, 3.82847443e+001, 4.88169479e+001,
       6.10101700e+001, 7.38983078e+001, 8.61525421e+001,
       9.53559341e+001, 1.00223732e+002, 9.94000015e+001,
       9.29762726e+001, 8.18949127e+001, 6.90474548e+001,
       5.62542381e+001, 4.49050865e+001, 3.56169510e+001,
       2.84440670e+001, 2.29661026e+001, 1.86440678e+001,
       1.54406776e+001, 1.31152544e+001, 5.24949150e+001,
       6.70915222e+001, 8.36135559e+001, 1.00559319e+002,
       1.16833900e+002, 1.31284744e+002, 1.41620346e+002,
       1.46894913e+002, 1.45454239e+002, 1.37545761e+002,
       1.24250847e+002, 1.08223732e+002, 9.15457611e+001,
       7.60237274e+001, 6.21084747e+001, 5.04271202e+001,
       4.05457611e+001, 3.27491531e+001, 2.64881363e+001,
       2.15898304e+001, 8.20542374e+001, 1.03098305e+002,
       1.24877968e+002, 1.44932205e+002, 1.62745758e+002,
       1.77176270e+002, 1.86891525e+002, 1.91427124e+002,
       1.89728821e+002, 1.82037292e+002, 1.69159317e+002,
       1.53393219e+002, 1.36074570e+002, 1.19240677e+002,
       1.03013557e+002, 8.83050842e+001, 7.45999985e+001,
       6.26372871e+001, 5.23016968e+001, 4.37220345e+001,
       1.05616951e+002, 1.30938980e+002, 1.55922028e+002,
       1.77091522e+002, 1.94650848e+002, 2.07806778e+002,
       2.16277969e+002, 2.20366104e+002, 2.19610168e+002,
       2.14193222e+002, 2.04694916e+002, 1.92583054e+002,
       1.78725418e+002, 1.64345764e+002, 1.49484741e+002,
       1.34725418e+002, 1.20006783e+002, 1.05827118e+002,
       9.28067780e+001, 8.15830536e+001, 1.12623726e+002,
       1.38759323e+002, 1.63938980e+002, 1.84681351e+002,
       2.01555939e+002, 2.14301697e+002, 2.23013565e+002,
       2.28711868e+002, 2.30830505e+002, 2.29359329e+002,
       2.24945770e+002, 2.18538986e+002, 2.10508469e+002,
       2.01077972e+002, 1.90579666e+002, 1.79050842e+002,
       1.66786438e+002, 1.54023727e+002, 1.41640671e+002,
       1.30467804e+002, 1.00142372e+002, 1.24030510e+002,
       1.47406784e+002, 1.67115250e+002, 1.84257629e+002,
       1.98820343e+002, 2.10640671e+002, 2.20386444e+002,
       2.27105087e+002, 2.30552536e+002, 2.31183044e+002,
       2.30393219e+002, 2.27928818e+002, 2.24064407e+002,
       2.18850845e+002, 2.12210175e+002, 2.04596603e+002,
       1.95857620e+002, 1.86728821e+002, 1.78010162e+002,
       7.38000031e+001, 9.30305099e+001, 1.13033897e+002, 132.,
       1.50372879e+002, 1.68315262e+002, 1.85257629e+002,
       2.00698303e+002, 2.13233902e+002, 2.21915253e+002,
       2.27322037e+002, 2.30661011e+002, 2.32183044e+002,
       2.32227112e+002, 2.31122040e+002, 2.28681351e+002,
       2.25206787e+002, 2.20338989e+002, 2.14986435e+002,
       2.09776276e+002, 4.61491508e+001, 6.01355934e+001,
       7.62305069e+001, 9.41118622e+001, 1.13488136e+002,
       1.34508469e+002, 1.56559326e+002, 1.77569489e+002,
       1.95566101e+002, 2.08949158e+002, 2.18145767e+002,
       2.24325424e+002, 2.27955933e+002, 2.30006775e+002,
       2.30752548e+002, 2.30166107e+002, 2.28576279e+002,
       2.25942368e+002, 2.23074570e+002, 2.20474579e+002,
       2.93118649e+001, 3.99762726e+001, 5.32542381e+001,
       6.98847427e+001, 8.90576248e+001, 1.11240677e+002,
       1.35759323e+002, 1.60027115e+002, 1.81389832e+002,
       1.97566101e+002, 2.08881363e+002, 2.16206787e+002,
       2.20379654e+002, 2.22488129e+002, 2.23122040e+002,
       2.21935593e+002, 2.19342377e+002, 2.15772888e+002,
       2.12301697e+002, 2.09905090e+002, 2.64542370e+001,
       3.64915237e+001, 4.88101692e+001, 6.41898270e+001,
       8.18881378e+001, 1.02844070e+002, 1.26959320e+002,
       1.51366104e+002, 1.73261017e+002, 1.90040680e+002,
       2.01976273e+002, 2.09216949e+002, 2.12854233e+002,
       2.14176270e+002, 2.13264404e+002, 2.09491531e+002,
       2.03328812e+002, 1.95691528e+002, 1.88576279e+002,
       1.83579666e+002, 3.16406784e+001, 4.23423729e+001,
       5.48474579e+001, 6.89593201e+001, 8.47966080e+001,
       1.03647461e+002, 1.25932205e+002, 1.49067795e+002,
       1.70342377e+002, 1.86966095e+002, 1.99040680e+002,
       2.06016953e+002, 2.09159317e+002, 2.09413559e+002,
       2.06132202e+002, 1.98555939e+002, 1.87203384e+002,
       1.73684738e+002, 1.61033905e+002, 1.51905090e+002,
       3.82135582e+001, 5.03728828e+001, 6.35864410e+001,
       7.69932175e+001, 9.15966110e+001, 1.08830505e+002,
       1.29654236e+002, 1.51783051e+002, 1.72820343e+002,
       1.89511871e+002, 2.02115250e+002, 2.09450851e+002,
       2.12288132e+002, 2.11386444e+002, 2.05396606e+002,
       1.93555939e+002, 1.76589828e+002, 1.56738983e+002,
       1.38030502e+002, 1.24152542e+002, 4.27627106e+001,
       5.63796616e+001, 7.08033905e+001, 8.45457611e+001,
       9.93016968e+001, 1.16467796e+002, 1.36928818e+002,
       1.58874573e+002, 1.80125427e+002, 1.97247452e+002,
       2.10423721e+002, 2.18003387e+002, 2.20274582e+002,
       2.17430511e+002, 2.08183044e+002, 1.91894913e+002,
       1.69806778e+002, 1.44525421e+002, 1.21152542e+002,
       1.03532204e+002, 4.39898300e+001, 5.88813553e+001,
       7.46576309e+001, 8.98779678e+001, 1.06176270e+002,
       1.24688133e+002, 1.46216949e+002, 1.69176270e+002,
       1.91166107e+002, 2.08481354e+002, 2.21240677e+002,
       2.27905090e+002, 2.28277969e+002, 2.22267792e+002,
       2.09054230e+002, 1.88301697e+002, 1.62467804e+002,
       1.34132202e+002, 1.08691528e+002, 8.94508438e+001,
       4.93525429e+001, 6.64610138e+001, 8.44576263e+001,
       1.02125427e+002, 1.20030510e+002, 1.39488129e+002,
       1.61281357e+002, 1.83901688e+002, 2.04542374e+002,
       2.20010162e+002, 2.30122040e+002, 2.33728821e+002,
       2.30081360e+002, 2.19708481e+002, 2.01962708e+002,
       1.77308472e+002, 1.48813553e+002, 1.19752541e+002,
       9.47627106e+001, 7.61322021e+001, 6.43016968e+001,
       8.51050873e+001, 1.06444069e+002, 1.26359322e+002,
       1.44955933e+002, 1.63471191e+002, 1.82505081e+002,
       2.01094910e+002, 2.17044067e+002, 2.27284744e+002,
       2.31847458e+002, 2.29711868e+002, 2.20572876e+002,
       2.05105087e+002, 1.83264404e+002, 1.55915253e+002,
       1.26833900e+002, 9.95728836e+001, 7.72881393e+001,
       6.10677948e+001, 8.66677933e+001, 1.11684746e+002,
       1.36098312e+002, 1.56345764e+002, 1.73294922e+002,
       1.88030502e+002, 2.01179657e+002, 2.12823730e+002,
       2.21142380e+002, 2.23759323e+002, 2.20769485e+002,
       2.11728821e+002, 1.96732208e+002, 1.77061020e+002,
       1.52888138e+002, 1.25569489e+002, 9.84542389e+001,
       7.53457642e+001, 5.75593224e+001, 4.50983047e+001,
       1.06501694e+002, 1.33569489e+002, 1.58562714e+002,
       1.76813553e+002, 1.89918640e+002, 1.99115250e+002,
       2.05210175e+002, 2.09006775e+002, 2.09125427e+002,
       2.04074570e+002, 1.94162704e+002, 1.79501694e+002,
       1.60732208e+002, 1.39294922e+002, 1.15874573e+002,
       9.17050858e+001, 6.94033890e+001, 5.21220322e+001,
       3.98271179e+001, 3.13728809e+001, 1.12840675e+002,
       1.38071182e+002, 1.59803391e+002, 1.73857620e+002,
       1.82128815e+002, 1.85803391e+002, 1.85691528e+002,
       1.83203384e+002, 1.77379654e+002, 1.67505081e+002,
       1.54105087e+002, 1.37488129e+002, 1.18827118e+002,
       9.94745789e+001, 8.01254272e+001, 6.20237274e+001,
       4.62271194e+001, 3.49966087e+001, 2.76576271e+001,
       2.29084740e+001, 1.03996613e+002, 1.24118645e+002,
       1.40186447e+002, 1.48827118e+002, 1.52681351e+002,
       1.52369492e+002, 1.48800003e+002, 1.43342377e+002,
       1.35427124e+002, 1.24928810e+002, 1.11888138e+002,
       9.73322067e+001, 8.22135620e+001, 6.75254211e+001,
       5.41491508e+001, 4.25118637e+001, 3.27355919e+001,
       2.60508480e+001, 2.20440674e+001, 1.95898304e+001 ]
