%YAML:1.0
Mean: !!opencv-matrix
   rows: 1
   cols: 400
   dt: f
   data: [ 29.66779709, 38.28474426, 48.81694794, 61.01016998,
       73.89830780, 86.15254211, 95.35593414, 100.22373199, 99.40000153,
       92.97627258, 81.89491272, 69.04745483, 56.25423813, 44.90508652,
       35.61695099, 28.44406700, 22.96610260, 18.64406776, 15.44067764,
       13.11525440, 52.49491501, 67.09152222, 83.61355591, 100.55931854,
       116.83390045, 131.28474426, 141.62034607, 146.89491272,
       145.45423889, 137.54576111, 124.25084686, 108.22373199,
       91.54576111, 76.02372742, 62.10847473, 50.42712021, 40.54576111,
       32.74915314, 26.48813629, 21.58983040, 82.05423737, 103.09830475,
       124.87796783, 144.93220520, 162.74575806, 177.17626953,
       186.89152527, 191.42712402, 189.72882080, 182.03729248,
       169.15931702, 153.39321899, 136.07456970, 119.24067688,
       103.01355743, 88.30508423, 74.59999847, 62.63728714, 52.30169678,
       43.72203445, 105.61695099, 130.93898010, 155.92202759,
       177.09152222, 194.65084839, 207.80677795, 216.27796936,
       220.36610413, 219.61016846, 214.19322205, 204.69491577,
       192.58305359, 178.72541809, 164.34576416, 149.48474121,
       134.72541809, 120.00678253, 105.82711792, 92.80677795,
       81.58305359, 112.62372589, 138.75932312, 163.93898010,
       184.68135071, 201.55593872, 214.30169678, 223.01356506,
       228.71186829, 230.83050537, 229.35932922, 224.94577026,
       218.53898621, 210.50846863, 201.07797241, 190.57966614,
       179.05084229, 166.78643799, 154.02372742, 141.64067078,
       130.46780396, 100.14237213, 124.03050995, 147.40678406,
       167.11524963, 184.25762939, 198.82034302, 210.64067078,
       220.38644409, 227.10508728, 230.55253601, 231.18304443,
       230.39321899, 227.92881775, 224.06440735, 218.85084534,
       212.21017456, 204.59660339, 195.85762024, 186.72882080,
       178.01016235, 73.80000305, 93.03050995, 113.03389740, 132.,
       150.37287903, 168.31526184, 185.25762939, 200.69830322,
       213.23390198, 221.91525269, 227.32203674, 230.66101074,
       232.18304443, 232.22711182, 231.12203979, 228.68135071,
       225.20678711, 220.33898926, 214.98643494, 209.77627563,
       46.14915085, 60.13559341, 76.23050690, 94.11186218, 113.48813629,
       134.50846863, 156.55932617, 177.56948853, 195.56610107,
       208.94915771, 218.14576721, 224.32542419, 227.95593262,
       230.00677490, 230.75254822, 230.16610718, 228.57627869,
       225.94236755, 223.07456970, 220.47457886, 29.31186485,
       39.97627258, 53.25423813, 69.88474274, 89.05762482, 111.24067688,
       135.75932312, 160.02711487, 181.38983154, 197.56610107,
       208.88136292, 216.20678711, 220.37965393, 222.48812866,
       223.12203979, 221.93559265, 219.34237671, 215.77288818,
       212.30169678, 209.90509033, 26.45423698, 36.49152374, 48.81016922,
       64.18982697, 81.88813782, 102.84407043, 126.95932007,
       151.36610413, 173.26101685, 190.04067993, 201.97627258,
       209.21694946, 212.85423279, 214.17626953, 213.26440430,
       209.49153137, 203.32881165, 195.69152832, 188.57627869,
       183.57966614, 31.64067841, 42.34237289, 54.84745789, 68.95932007,
       84.79660797, 103.64746094, 125.93220520, 149.06779480,
       170.34237671, 186.96609497, 199.04067993, 206.01695251,
       209.15931702, 209.41355896, 206.13220215, 198.55593872,
       187.20338440, 173.68473816, 161.03390503, 151.90509033,
       38.21355820, 50.37288284, 63.58644104, 76.99321747, 91.59661102,
       108.83050537, 129.65423584, 151.78305054, 172.82034302,
       189.51187134, 202.11524963, 209.45085144, 212.28813171,
       211.38644409, 205.39660645, 193.55593872, 176.58982849,
       156.73898315, 138.03050232, 124.15254211, 42.76271057,
       56.37966156, 70.80339050, 84.54576111, 99.30169678, 116.46779633,
       136.92881775, 158.87457275, 180.12542725, 197.24745178,
       210.42372131, 218.00338745, 220.27458191, 217.43051147,
       208.18304443, 191.89491272, 169.80677795, 144.52542114,
       121.15254211, 103.53220367, 43.98983002, 58.88135529, 74.65763092,
       89.87796783, 106.17626953, 124.68813324, 146.21694946,
       169.17626953, 191.16610718, 208.48135376, 221.24067688,
       227.90509033, 228.27796936, 222.26779175, 209.05422974,
       188.30169678, 162.46780396, 134.13220215, 108.69152832,
       89.45084381, 49.35254288, 66.46101379, 84.45762634, 102.12542725,
       120.03050995, 139.48812866, 161.28135681, 183.90168762,
       204.54237366, 220.01016235, 230.12203979, 233.72882080,
       230.08135986, 219.70848083, 201.96270752, 177.30847168,
       148.81355286, 119.75254059, 94.76271057, 76.13220215, 64.30169678,
       85.10508728, 106.44406891, 126.35932159, 144.95593262,
       163.47119141, 182.50508118, 201.09490967, 217.04406738,
       227.28474426, 231.84745789, 229.71186829, 220.57287598,
       205.10508728, 183.26440430, 155.91525269, 126.83390045,
       99.57288361, 77.28813934, 61.06779480, 86.66779327, 111.68474579,
       136.09831238, 156.34576416, 173.29492188, 188.03050232,
       201.17965698, 212.82373047, 221.14237976, 223.75932312,
       220.76948547, 211.72882080, 196.73220825, 177.06101990,
       152.88813782, 125.56948853, 98.45423889, 75.34576416, 57.55932236,
       45.09830475, 106.50169373, 133.56948853, 158.56271362,
       176.81355286, 189.91864014, 199.11524963, 205.21017456,
       209.00677490, 209.12542725, 204.07456970, 194.16270447,
       179.50169373, 160.73220825, 139.29492188, 115.87457275,
       91.70508575, 69.40338898, 52.12203217, 39.82711792, 31.37288094,
       112.84067535, 138.07118225, 159.80339050, 173.85762024,
       182.12881470, 185.80339050, 185.69152832, 183.20338440,
       177.37965393, 167.50508118, 154.10508728, 137.48812866,
       118.82711792, 99.47457886, 80.12542725, 62.02372742, 46.22711945,
       34.99660873, 27.65762711, 22.90847397, 103.99661255, 124.11864471,
       140.18644714, 148.82711792, 152.68135071, 152.36949158,
       148.80000305, 143.34237671, 135.42712402, 124.92881012,
       111.88813782, 97.33220673, 82.21356201, 67.52542114, 54.14915085,
       42.51186371, 32.73559189, 26.05084801, 22.04406738, 19.58983040 ]
