%YAML:1.0
Mean2: !!opencv-matrix
   rows: 1
   cols: 59
   dt: f
   data: [ 7.03535366e+000, 2.58164978e+000, 1.53030300e+000,
       1.56313133e+000, 1.46296299e+000, 5.10942745e+000,
       6.83333349e+000, 9.88215506e-001, 5.98063993e+000,
       1.36961279e+001, 1.08013468e+001, 2.00841761e+000,
       1.10353529e+000, 5.94191933e+000, 1.97053871e+001,
       1.85690231e+001, 1.33670032e+000, 1.27356899e+000,
       1.44865322e+000, 4.83417511e+000, 4.30387211e+000,
       3.11531997e+000, 9.45286214e-001, 9.34343457e-001,
       1.32407403e+000, 6.63299680e-001, 8.29124570e-001,
       4.42760944e-001, 2.85353541e-001, 1.36026931e+000,
       1.73400676e+000, 3.74915814e+000, 5.26936007e+000,
       4.80303049e+000, 2.30387211e+000, 2.75589228e+000,
       7.72727251e-001, 5.90319872e+000, 4.64225578e+000,
       3.72895628e-001, 2.80303031e-001, 1.68350175e-001,
       1.60690236e+000, 5.73905706e+000, 1.63215494e+000,
       1.48989901e-001, 5.05050495e-002, 1.78535354e+000,
       2.81986523e+000, 1.30471379e-001, 9.51178446e-002,
       3.29124570e-001, 1.18686870e-001, 1.56565651e-001,
       1.51515156e-001, 8.67003351e-002, 5.63973077e-002,
       1.37626266e+000, 2.29537029e+001 ]
