%YAML:1.0
mrmMat: !!opencv-matrix
   rows: 10
   cols: 1
   dt: f
   data: [ 5.48294296e+001, 2.10864124e+001, 1.54520769e+001,
       1.05329466e+001, 9.31540489e+000, 8.91857433e+000,
       7.29105616e+000, 6.59262133e+000, 5.23765182e+000,
       4.86055183e+000 ]
