%YAML:1.0
PCA2_vec: !!opencv-matrix
   rows: 10
   cols: 256
   dt: f
   data: [ -7.00286403e-002, 1.09450221e-001, 2.21488671e-003,
       -2.87501374e-003, 4.33952846e-002, 7.10932761e-002,
       -1.59551681e-003, -2.63015211e-001, -3.08958776e-002,
       7.91282300e-003, -2.18655951e-002, 1.77673444e-001,
       -4.68624709e-003, -8.72024894e-002, -1.66482851e-001,
       -7.47503061e-003, -2.08566170e-002, 9.61636230e-002,
       -1.51611501e-002, -3.40623334e-002, -1.30718425e-002,
       1.08612388e-001, 3.49090202e-003, -4.93535437e-002,
       -8.75644013e-002, 9.04190261e-003, -9.28295925e-002,
       3.25830042e-001, -9.57559422e-003, -1.13696372e-002,
       -1.53859882e-002, 7.85926953e-002, -1.49836589e-003,
       1.04097769e-001, -4.63662902e-003, -2.71975528e-002,
       -6.84384257e-004, 7.01343939e-002, -1.74634010e-002,
       -8.54863822e-002, -1.78477783e-002, 1.67424709e-001,
       -6.89458987e-003, 9.10137128e-003, -1.99766990e-004,
       -2.57174652e-002, -2.05912814e-002, 1.62987988e-002,
       -7.26339640e-003, -6.15731850e-002, -5.03585162e-003,
       -2.04852149e-002, -1.31400004e-001, 5.81347337e-003,
       8.21057765e-004, -2.73012614e-004, 2.33915430e-002,
       -1.36316776e-001, -3.03545892e-002, -3.88968131e-003,
       -6.51955852e-005, -1.11877181e-001, -6.24326640e-004,
       4.11479594e-003, -3.09566222e-002, 7.87828024e-003,
       1.67537369e-002, 3.69565969e-004, 6.64999010e-003,
       2.14221757e-002, 2.90344674e-002, -1.00500910e-002,
       -4.28908505e-003, -7.39997905e-003, 9.91123617e-002,
       1.52264029e-001, -2.52406625e-003, -1.96442790e-002,
       -5.04389443e-002, 1.12651363e-001, -1.13768200e-003,
       -1.22400504e-002, 9.61777940e-002, -2.75969394e-002,
       -5.17597534e-002, 8.60224664e-003, 8.50188662e-004,
       -3.50823253e-002, -5.71021531e-003, -7.66919181e-002,
       -8.77911374e-002, -4.36416231e-002, -1.81217270e-003,
       -2.55325269e-002, -3.09091192e-002, -5.16381813e-004,
       -1.20634502e-002, -5.29770041e-004, 1.15177140e-003,
       -4.39992687e-003, -1.56067666e-002, 1.77551936e-002,
       3.22362892e-002, -1.25094010e-002, -1.44883707e-001,
       -5.10129333e-003, 1.23635679e-002, 8.85861460e-003,
       -4.17566597e-002, 5.27057127e-005, -1.76000893e-001,
       5.54815829e-002, 4.67317179e-003, -9.67304315e-003,
       2.47005541e-002, -3.97841819e-002, 3.30091976e-002,
       2.63441242e-002, -3.44658643e-003, -8.28729048e-002,
       2.92227209e-001, -3.75530422e-002, 1.21512671e-003,
       -8.19975957e-002, 1.28678163e-003, -8.64754394e-002,
       3.17587001e-005, 1.38535383e-004, 6.60048984e-003,
       1.07857371e-002, -7.64991017e-003, 1.27225323e-003,
       3.46645005e-002, 6.50098845e-002, 4.46717441e-003,
       -1.17325164e-001, 1.18255308e-002, 6.13257522e-004,
       -2.32739244e-002, 7.25957891e-003, 7.51890708e-003,
       -1.24312423e-001, -5.90711925e-003, 4.03294154e-002,
       -6.99374825e-002, 6.98742270e-002, -4.51628119e-002,
       8.75828508e-003, -1.14372084e-002, 5.46670258e-002,
       3.36850388e-003, -6.17862418e-002, 6.40850840e-003,
       3.47397476e-003, 1.61280762e-002, 2.39082202e-001,
       6.22614548e-002, -4.08976944e-003, 8.29846486e-002,
       4.91581932e-002, 1.73202306e-002, 6.66895211e-002,
       6.18986646e-003, 1.65732540e-002, -5.09269955e-003,
       -5.91332978e-003, -6.54146448e-002, 7.50945881e-002,
       4.45479788e-002, 6.34707510e-002, 9.48252063e-003,
       1.64322909e-002, -7.21258949e-003, -3.37663442e-002,
       1.22940615e-002, 3.40405516e-002, -1.24285454e-002,
       -1.67882890e-002, -1.03145028e-002, -3.10566593e-002,
       -1.03296638e-001, 7.33205769e-003, 1.77748548e-003,
       1.44302379e-002, -1.78148206e-002, -5.78939952e-002,
       -2.75191646e-002, 6.64786575e-003, -1.61314420e-002,
       -1.53892606e-001, 1.17666461e-002, 1.77093763e-002,
       -2.41502021e-002, 2.70973109e-002, 4.64430973e-002,
       -6.81948266e-004, 8.51176400e-003, 1.32859061e-002,
       7.40694702e-002, -2.08847970e-002, -2.40632948e-002,
       2.78356262e-002, 3.50616388e-002, 6.26837164e-002,
       -9.32517927e-003, 5.34423329e-002, -2.46057622e-002,
       3.91559210e-003, -2.16192380e-002, -2.59509943e-002,
       -3.38547081e-002, 1.22738507e-004, -6.58094212e-002,
       1.24996137e-002, 4.78805322e-003, -5.95911890e-002,
       2.53219344e-002, -2.90592411e-003, -2.14780848e-002,
       -4.56275605e-003, 1.42907826e-002, 5.31725585e-002,
       -7.32333362e-002, -1.17309839e-002, -5.06249350e-003,
       3.80744264e-002, 6.59608981e-004, -2.69136741e-003,
       -8.69348720e-002, 5.94331063e-002, 1.00877658e-001,
       -7.77483685e-003, -1.65654104e-002, -2.14395300e-003,
       7.89059559e-004, 4.87481393e-002, -2.22483240e-002,
       2.86289537e-003, -1.51288584e-001, 9.53486711e-002,
       -2.88488604e-002, -1.59218675e-003, 4.83041443e-003,
       -3.87053899e-002, 4.02511563e-003, 6.18429109e-002,
       1.22007227e-003, 6.11303188e-003, 8.17845017e-002,
       -2.91752000e-003, 2.23139199e-004, -2.41684932e-002,
       7.59625633e-004, 1.32761836e-001, 1.43437386e-002,
       3.04044411e-002, -5.64135909e-002, 1.01105787e-001,
       7.50000635e-003, -7.39568565e-003, 1.57544389e-002,
       -9.61472560e-003, 9.51346476e-004, 1.40773421e-002,
       5.02340402e-003, 4.60345019e-003, 1.66423153e-002,
       2.38862410e-001, 5.80492942e-003, 2.49915216e-002,
       6.72694668e-002, 6.74280152e-003, 2.27469276e-003,
       -5.32560907e-002, 7.62876645e-002, -3.24402414e-002,
       -1.05383778e-002, 5.06684296e-002, 1.18224816e-002,
       2.06370801e-002, -1.10562906e-001, -5.77780418e-003,
       -1.02571994e-001, -2.41326451e-001, 9.25056171e-003,
       4.66168718e-003, 2.45180093e-002, 6.23640567e-002,
       -4.53755632e-003, -8.89398716e-003, -5.49526478e-004,
       -1.33575033e-003, 2.24488974e-003, 3.74326780e-002,
       1.04270345e-002, 4.42729183e-002, -1.57904938e-001,
       -4.82708849e-002, 1.05912797e-002, 1.95018481e-002,
       2.06520106e-003, 5.36976755e-003, 1.27403904e-002,
       5.43316379e-002, -3.82308522e-003, 3.01341503e-003,
       3.93240619e-003, -8.95128411e-004, -2.28811521e-002,
       1.49292825e-002, 4.00525425e-003, 7.83580169e-003,
       -5.67241199e-002, -1.25493944e-001, 3.38487932e-003,
       4.39045345e-003, 1.39027089e-003, 3.86486538e-002,
       2.58161500e-003, 1.39511693e-002, 2.24423353e-002,
       -2.10372992e-002, -2.34402344e-003, -4.34731366e-003,
       2.96512265e-002, 5.56961074e-002, 3.13731134e-002,
       3.90071818e-003, 8.63139238e-003, -7.88575970e-003,
       2.15091910e-002, 8.93822759e-002, 2.09916872e-003,
       2.80982032e-002, 1.44893117e-002, -2.91134068e-003,
       3.11101018e-003, -9.42662172e-003, -1.44521549e-001,
       2.71105953e-002, -3.37691493e-002, 1.21906465e-002,
       1.01173101e-002, 1.66535135e-002, 6.55604526e-004,
       1.71074029e-002, -1.64252669e-001, -2.09280197e-002,
       4.27922746e-003, 1.70218814e-002, 2.25830860e-002,
       8.74630176e-003, 4.76822897e-004, 6.05445914e-003,
       1.56355102e-003, 3.69473966e-003, 6.27524853e-002,
       4.58284430e-002, 4.10837010e-002, 2.00915951e-002,
       4.05975915e-002, 8.69565643e-003, 6.65400410e-003,
       1.98882967e-002, 2.06490010e-002, 1.15864063e-002,
       1.07808918e-001, 9.90486518e-002, 4.66215843e-003,
       3.01277102e-003, 5.07395901e-002, 2.45014299e-002,
       -3.05775367e-002, -7.71244839e-002, 3.76970368e-003,
       4.82883602e-002, -3.57924372e-001, 1.40995132e-002,
       -2.56929547e-002, 4.14838046e-002, 5.37975226e-003,
       2.29882505e-002, 1.43251359e-003, 6.02989877e-003,
       -2.72011179e-002, 3.53068486e-002, 1.75383147e-002,
       2.26187916e-003, 2.09620800e-002, -2.40168050e-002,
       6.31015794e-003, 5.08908033e-002, -6.24058023e-002,
