%YAML:1.0
mrmMat: !!opencv-matrix
   rows: 1
   cols: 256
   dt: f
   data: [ 1.24055302e+000, 1.21935487e+000, 6.63594455e-002,
       3.41935486e-001, 7.90783405e-001, 9.77880180e-001,
       2.58064512e-002, 1.53456223e+000, 4.16589856e-001,
       2.39631340e-001, 3.94470036e-001, 2.55115199e+000,
       8.47926289e-002, 5.33640563e-001, 1.21843314e+000,
       1.37327194e+000, 5.56682050e-001, 2.29124427e+000,
       1.26912439e+000, 7.39170492e-001, 1.84516132e+000,
       1.32718897e+000, 7.64976963e-002, 7.23502338e-001,
       1.77142859e+000, 3.15207362e-001, 1.72442400e+000,
       7.06359434e+000, 1.44700468e-001, 7.92626739e-002,
       3.52073729e-001, 1.04976964e+000, 9.76958573e-002,
       1.52995396e+000, 5.62211983e-002, 2.82949299e-001,
       2.63594478e-001, 1.82580650e+000, 1.66820273e-001,
       2.45898628e+000, 3.40737343e+000, 3.36221194e+000,
       4.33179736e-001, 2.55299538e-001, 1.01382490e-002,
       2.10138246e-001, 1.65898621e-001, 3.73271883e-001,
       1.63133636e-001, 5.92626750e-001, 5.52995391e-002,
       1.07834101e-001, 1.79447007e+000, 2.07373276e-001,
       1.56682022e-002, 6.91244230e-002, 1.15483868e+000,
       2.54193544e+000, 3.08755755e-001, 1.13364056e-001,
       1.19815674e-002, 6.94009244e-001, 2.11981572e-002,
       7.37327188e-002, 3.98156673e-001, 3.77880186e-001,
       2.80184329e-001, 2.67281104e-002, 4.70967740e-001,
       8.89400959e-001, 3.52073729e-001, 8.94009247e-002,
       1.17050692e-001, 5.90783417e-001, 2.32073736e+000,
       2.03963137e+000, 2.11981572e-002, 2.27188945e+000,
       6.22119844e-001, 1.32258070e+000, 1.75115205e-002,
       9.67741981e-002, 4.19354820e+000, 2.85714298e-001,
       1.53917050e+000, 1.76958531e-001, 1.00460827e-001,
       1.96313366e-001, 7.83410147e-002, 5.54838717e-001,
       4.53271914e+000, 8.21198165e-001, 3.22580636e-002,
       2.80184329e-001, 3.66820276e-001, 1.20737329e-001,
       2.11059913e-001, 8.66359472e-002, 1.29032256e-002,
       3.22580636e-002, 2.81290317e+000, 3.47465456e-001,
       5.30875564e-001, 2.34101385e-001, 2.97788024e+000,
       1.71428576e-001, 2.24884793e-001, 2.37788022e-001,
       3.12442392e-001, 1.33640558e-001, 1.48663592e+000,
       7.31797218e-001, 1.36405528e-001, 5.80645166e-002,
       3.60368657e+000, 2.60829508e-001, 2.03225803e+000,
       1.44239628e+000, 4.33179736e-002, 8.98617506e-001,
       1.00387096e+001, 3.73271883e-001, 3.28110605e-001,
       6.41474664e-001, 3.13364044e-002, 8.98617506e-001,
       9.21658985e-003, 4.51612920e-002, 2.21382499e+000,
       3.62211972e-001, 2.49769583e-001, 6.63594455e-002,
       6.68202758e-001, 1.09308755e+000, 9.86175090e-002,
       6.64516151e-001, 2.01290321e+000, 1.01382490e-002,
       4.56221193e-001, 1.11520737e-001, 2.11059913e-001,
       1.23502302e+000, 3.62119818e+000, 2.40368676e+000,
       1.79262674e+000, 1.36313367e+000, 1.04976964e+000,
       8.69124413e-001, 2.88387108e+000, 8.83870959e-001,
       1.00460827e-001, 5.05069137e-001, 1.88663602e+000,
       8.20276514e-002, 6.33179724e-001, 3.28387094e+000,
       7.41935492e-001, 2.31336415e-001, 1.20276499e+000,
       1.29032254e+000, 2.84792632e-001, 2.02764988e+000,
       9.49308798e-002, 6.98617518e-001, 1.77880183e-001,
       1.05622125e+000, 7.31797218e-001, 1.74746549e+000,
       1.56682026e+000, 1.68755758e+000, 1.35483876e-001,
       3.76958519e-001, 8.57142881e-002, 3.94470036e-001,
       1.28755760e+000, 5.41935503e-001, 1.03225805e-001,
       1.40092164e-001, 1.79723501e-001, 1.66820276e+000,
       8.26728106e-001, 1.72350228e-001, 3.22580636e-002,
       2.30414748e-001, 5.21659017e-001, 6.00000024e-001,
       2.24884793e-001, 5.97235024e-001, 2.82027662e-001,
       2.01658988e+000, 1.73271894e-001, 2.83870965e-001,
       5.76036870e-001, 8.94009233e-001, 1.72903228e+000,
       1.84331797e-002, 4.47004616e-001, 5.79723537e-001,
       1.93179727e+000, 1.93548396e-001, 1.68663591e-001,
       5.18894017e-001, 1.73087561e+000, 1.40184331e+000,
       7.28110597e-002, 1.11428571e+000, 2.44700456e+000,
       8.55299532e-001, 5.79723537e-001, 9.31797266e-001,
       8.19354832e-001, 1.00460827e-001, 1.62857139e+000,
       3.16129029e-001, 1.20737329e-001, 3.23502302e-001,
       1.14193547e+000, 1.48755765e+000, 5.07834136e-001,
       4.60829511e-002, 8.09216619e-001, 6.57142878e-001,
       6.06451631e-001, 2.58064508e-001, 1.15207374e-001,
       6.73732698e-001, 7.37327198e-003, 2.96774209e-001,
       3.35576034e+000, 8.45161319e-001, 1.74838710e+000,
       6.31336391e-001, 1.52995393e-001, 2.13824883e-001,
       1.93548389e-002, 7.74193585e-001, 2.52534568e-001,
       2.56221205e-001, 5.03963137e+000, 1.36497700e+000,
       5.43778837e-001, 2.97695845e-001, 2.73732722e-001,
       1.68387103e+000, 8.48847926e-001, 8.06451619e-001,
       3.77880186e-002, 1.68663597e+000, 4.84055328e+000,
       9.55760360e-001, 1.56682022e-002, 2.45161295e-001,
       2.92165905e-001, 1.87465441e+000, 2.13824883e-001,
       2.61751145e-001 ]
