%YAML:1.0
mrmMat: !!opencv-matrix
   rows: 10
   cols: 1
   dt: f
   data: [ 4.43520203e+001, 1.32368174e+001, 1.03273325e+001,
       9.47108459e+000, 7.70188332e+000, 6.46491385e+000,
       5.28512621e+000, 4.89654112e+000, 4.30215836e+000,
       3.82473874e+000 ]
