%YAML:1.0
PCA3_mean: !!opencv-matrix
   rows: 1
   cols: 256
   dt: f
   data: [ 1.17099237e+000, 1.22061074e+000, 3.89312990e-002,
       1.25419843e+000, 3.46564889e-001, 6.38167918e-001,
       1.52671756e-002, 2.49236631e+000, 9.28244293e-001,
       4.68702286e-001, 7.98473299e-001, 4.00687027e+000,
       4.58778620e-001, 8.03816795e-001, 1.73358774e+000,
       1.38396943e+000, 1.83816791e+000, 1.70992362e+000,
       9.97709930e-001, 8.11450362e-001, 1.80687022e+000,
       1.52213740e+000, 3.05343512e-002, 1.12900758e+000,
       3.05038166e+000, 4.38931286e-001, 2.11679387e+000,
       4.96259546e+000, 3.37404579e-001, 1.50381684e-001,
       6.09160304e-001, 1.78625953e+000, 8.09160322e-002,
       1.72061074e+000, 1.05343513e-001, 4.07633603e-001,
       1.12977102e-001, 1.58473277e+000, 9.08396915e-002,
       7.04580128e-001, 4.18778610e+000, 4.32519102e+000,
       1.21526718e+000, 2.96946555e-001, 5.87786250e-002,
       4.44274813e-001, 4.00000006e-001, 5.54198503e-001,
       3.86259556e-001, 3.67938936e-001, 1.85496181e-001,
       1.16030537e-001, 2.55801535e+000, 3.24427485e-001,
       1.29770990e-002, 1.81679383e-001, 2.60305345e-001,
       1.61526716e+000, 4.20610696e-001, 7.17557222e-002,
       6.87022880e-003, 1.03816792e-001, 3.35877873e-002,
       6.33587763e-002, 7.80152678e-001, 1.68702289e-001,
       1.82442755e-001, 3.51145044e-002, 5.75572550e-001,
       6.93893135e-001, 1.09160304e-001, 6.03053421e-002,
       1.09923661e-001, 5.80152690e-001, 3.32519078e+000,
       1.61755729e+000, 2.73282439e-001, 1.06335878e+000,
       7.66412199e-001, 7.74809182e-001, 2.62595415e-001,
       4.88549620e-002, 2.50763369e+000, 1.19847327e-001,
       1.67022896e+000, 7.86259547e-002, 2.44274810e-002,
       3.47328246e-001, 4.27480936e-002, 7.03053415e-001,
       2.30687022e+000, 2.14503825e-001, 2.19083965e-001,
       7.78625980e-002, 2.26717561e-001, 3.34351152e-001,
       7.64122128e-001, 3.43511440e-002, 7.63358781e-003,
       1.75572522e-002, 2.75114512e+000, 6.96183205e-001,
       2.09923670e-001, 2.23664120e-001, 3.03969455e+000,
       1.31297708e-001, 1.84732825e-001, 2.19847322e-001,
       1.04885495e+000, 7.70992339e-002, 3.03740454e+000,
       7.11450398e-001, 1.81679383e-001, 1.61068708e-001,
       2.42595410e+000, 6.09923661e-001, 1.65267181e+000,
       9.96946573e-001, 5.34351170e-003, 6.32824421e-001,
       7.72671747e+000, 9.44274783e-001, 2.14503825e-001,
       5.59542000e-001, 3.66412215e-002, 8.33587766e-001,
       3.58778611e-002, 1.95419848e-001, 1.90305340e+000,
       2.90076345e-001, 1.07633591e-001, 1.12213738e-001,
       3.30534339e-001, 6.89312994e-001, 3.81679386e-002,
       1.66946566e+000, 1.88549614e+000, 5.57251908e-002,
       4.67175573e-001, 1.68702289e-001, 5.10687053e-001,
       1.18091607e+000, 3.43969464e+000, 1.19312978e+000,
       2.65038180e+000, 1.70229006e+000, 7.81679392e-001,
       1.33282447e+000, 9.11450386e-001, 1.42519081e+000,
       2.36641224e-002, 2.51526713e+000, 2.35496187e+000,
       2.60305345e-001, 1.16488552e+000, 1.80916035e+000,
       1.46564886e-001, 3.38931292e-001, 1.21832061e+000,
       7.90076315e-001, 8.70229006e-002, 1.28244281e+000,
       1.99236646e-001, 4.90076333e-001, 1.95419848e-001,
       2.77099228e+000, 1.29999995e+000, 8.99236619e-001,
       2.38167930e+000, 1.19541991e+000, 2.51145035e-001,
       1.38931304e-001, 1.20610684e-001, 2.09923670e-001,
       1.01832056e+000, 1.61832064e-001, 1.26717553e-001,
       1.59541979e-001, 1.50381684e-001, 1.22442746e+000,
       3.73587799e+000, 1.69007635e+000, 6.87022880e-002,
       1.52748096e+000, 2.25954205e-001, 8.40458035e-001,
       5.18320620e-001, 1.85496181e-001, 3.35877873e-002,
       5.14503837e-001, 7.09923655e-002, 1.03816792e-001,
       9.41221356e-001, 2.40458012e-001, 1.39389312e+000,
       2.13740468e-002, 9.84732807e-002, 2.35114500e-001,
       1.09618318e+000, 6.18320629e-002, 1.63358778e-001,
       2.88549632e-001, 1.35572517e+000, 8.02290082e-001,
       4.74045813e-001, 8.93129766e-001, 1.12671757e+000,
       1.29312980e+000, 7.19847322e-001, 5.72519064e-001,
       8.45038176e-001, 1.35114506e-001, 1.18854964e+000,
       3.87022913e-001, 5.03816791e-002, 6.80916011e-001,
       8.10687006e-001, 1.16259539e+000, 5.47328234e-001,
       2.44274810e-002, 1.47175574e+000, 1.03358781e+000,
       5.78625977e-001, 5.19083977e-001, 6.59541965e-001,
       2.93893129e-001, 6.10687025e-003, 2.86259532e-001,
       3.70000005e+000, 1.72061074e+000, 7.93893158e-001,
       4.96946573e-001, 4.08396959e-001, 1.16030537e-001,
       9.92366392e-003, 4.22900766e-001, 2.30534345e-001,
       1.89312980e-001, 4.26564884e+000, 7.51145065e-001,
       5.57251930e-001, 1.28625953e+000, 1.11450382e-001,
       1.35343516e+000, 1.52595425e+000, 1.62290072e+000,
       1.23664126e-001, 1.09847331e+000, 4.52671766e+000,
       1.17099237e+000, 6.87022880e-003, 2.12977096e-001,
       3.82442743e-001, 1.87786257e+000, 6.74045801e-001,
       8.33587766e-001 ]
