%YAML:1.0
mrmMat: !!opencv-matrix
   rows: 10
   cols: 256
   dt: f
   data: [ -9.96680837e-003, 1.21133231e-001, 1.15376909e-003,
       2.64352057e-002, 4.71558422e-002, -5.01558743e-002,
       8.62209010e-004, -2.46661067e-001, -5.40578254e-002,
       4.33582403e-002, -5.57049587e-002, 3.08569878e-001,
       -1.07815471e-002, -9.52583998e-002, -8.59463811e-002,
       -2.23171934e-002, -9.50608701e-002, 7.55413994e-002,
       2.55469214e-002, -2.88529564e-002, 9.18521583e-002,
       3.49771865e-002, 3.40510043e-003, -4.33347374e-002,
       -1.55810297e-001, -1.03723658e-002, -6.49895221e-002,
       3.37139219e-001, -5.80542395e-003, -1.55142974e-002,
       -1.08195106e-002, 6.07021004e-002, 4.19975910e-003,
       2.91479453e-002, -4.20148345e-003, 3.93900136e-003,
       1.18097095e-002, -1.93215311e-002, 1.28773192e-003,
       -5.04641123e-002, -5.97880371e-002, 1.74394473e-002,
       -2.33486742e-002, 3.16298120e-002, -4.42207884e-003,
       -2.37520542e-002, -3.68448086e-002, -1.46733401e-002,
       -2.00726781e-002, -2.87821237e-002, -1.27999475e-002,
       -1.78428069e-002, -2.14636978e-002, 1.56673640e-002,
       7.63089221e-004, -6.47067185e-003, 1.78992711e-002,
       -7.80568346e-002, -3.41537520e-002, 2.09667807e-004,
       2.30108446e-004, -5.93914185e-003, -2.57570180e-003,
       8.32731090e-003, 1.52236121e-002, 8.21455289e-003,
       1.18097225e-002, 1.17312733e-003, -2.00276803e-002,
       -3.79202585e-003, 2.18422394e-002, -3.52435885e-003,
       4.26897826e-003, 6.06923066e-002, 1.39349565e-001,
       1.83674827e-001, -2.57536676e-002, -3.98175977e-002,
       -2.05518715e-002, 1.05838016e-001, -2.22136341e-002,
       -3.83539707e-003, 1.55316666e-001, -8.06579366e-004,
       -7.18260035e-002, 2.08368758e-004, 4.18842398e-003,
       -3.56667824e-002, 1.72315584e-003, -5.83412200e-002,
       5.98764643e-002, 1.29835745e-002, -1.04481699e-002,
       -4.85547027e-003, -9.60817095e-003, -8.47673416e-003,
       -1.67742819e-002, 5.27646067e-003, 7.15633330e-004,
       1.55052741e-003, -1.97079200e-002, -2.72482429e-002,
       3.68459970e-002, -1.32125486e-002, -5.10669984e-002,
       1.35847437e-003, 5.83112333e-003, 1.20161986e-002,
       -7.83935264e-002, -5.52152342e-004, -1.80510044e-001,
       2.71057133e-002, -6.48354320e-003, -2.06518937e-002,
       9.67147127e-002, -6.19701147e-002, -1.21692754e-001,
       -6.91587031e-002, 1.32467003e-005, -5.60830347e-002,
       2.09022999e-001, -1.02944218e-001, 2.71269982e-003,
       -3.48835737e-002, -3.04137502e-004, -7.68205896e-002,
       -1.13208618e-004, -7.30869034e-003, 4.73109148e-002,
       1.65100154e-002, 5.68058668e-003, 8.89663212e-003,
       -4.94295126e-003, -2.42822412e-002, 1.57939550e-003,
       -1.30060479e-001, -1.11045400e-002, 8.35192762e-003,
       2.92947283e-003, 2.97270175e-002, -1.63100718e-003,
       -1.35031775e-001, -1.28374631e-002, -1.79940145e-002,
       -1.21408872e-001, -1.28035862e-002, 2.66294498e-002,
       2.35855561e-002, 2.50204392e-002, 3.32276858e-002,
       3.00489552e-003, 3.68807055e-002, -8.54662582e-002,
       6.49909372e-004, -1.46661242e-002, 1.98039860e-001,
       3.10254097e-002, -3.07213031e-002, 3.80531251e-002,
       3.72814946e-002, -9.14521108e-004, 1.75579712e-002,
       -6.67573512e-003, 1.49602443e-002, -2.01305887e-003,
       4.95693795e-002, -7.33475834e-002, 2.08478980e-002,
       -5.24335392e-002, 5.35149686e-002, 3.40341544e-003,
       2.77750902e-002, -9.44702886e-003, -1.71607025e-002,
       -3.55372354e-002, 1.23189362e-002, -9.54672601e-003,
       -6.52595097e-003, 2.48315861e-003, -1.01052165e-001,
       -1.32543728e-001, 1.17999814e-001, 5.96885430e-003,
       7.58302957e-002, -1.62889100e-005, -3.27115245e-002,
       -3.01807988e-002, 1.87757786e-003, -2.42100516e-003,
       -5.12573570e-002, -1.07422727e-003, 1.36544462e-002,
       -3.39295045e-002, 1.86760612e-002, 9.10964888e-003,
       1.32119341e-003, 8.62188172e-003, 1.02798557e-002,
       4.46354337e-002, 1.19128486e-003, -1.24069527e-002,
       4.83408198e-002, 4.42773439e-002, 6.22553639e-002,
       -2.89182980e-002, 1.56773938e-004, 9.67015103e-002,
       1.44779563e-001, -2.86031067e-002, -2.15762686e-002,
       -1.54064260e-002, 4.11400292e-003, -1.00817122e-002,
       -1.02574406e-002, 8.92370846e-003, 1.15810223e-002,
       1.11313199e-003, -7.36080483e-002, -1.22252218e-002,
       5.20525128e-003, 6.72563678e-003, 1.81268584e-002,
       -4.43532206e-002, 9.09415409e-002, -3.59069668e-002,
       3.07879783e-002, 6.08252536e-004, 8.82579945e-003,
       -7.28760883e-002, 5.55428080e-002, 9.40416008e-002,
       -6.09511696e-003, -2.59306710e-002, 2.06622835e-002,
       2.30613310e-004, 3.99013199e-002, -8.65632109e-003,
       1.34097820e-003, 5.63337132e-002, 5.78640550e-002,
       -5.00647118e-003, -1.17925771e-001, 2.03358680e-002,
       -1.27308503e-001, 7.72897061e-003, 1.18208686e-002,
       1.85240526e-002, 6.39178231e-002, 5.33872955e-002,
       -9.03991312e-002, 1.10359699e-003, -8.98499601e-003,
       -1.59246866e-002, -7.14723617e-002, 1.54822124e-002,
       1.63877070e-001, 3.94754075e-002, 7.13612214e-002,
       4.53129737e-003, 7.06730336e-002, -5.80509193e-002,
       -4.18818258e-002, 2.46455311e-003, 1.21366326e-002,
       1.92727558e-002, 2.68075708e-002, 1.26954876e-002,
       4.22795206e-001, -1.96575169e-002, 2.42276229e-002,
       2.40608980e-003, 1.01524154e-002, -9.71267372e-002,
       -1.02736339e-001, -3.35715711e-002, 4.27470868e-003,
       1.02569582e-002, 2.14817189e-002, 5.84796289e-005,
       1.72210202e-001, -1.58072278e-001, -3.21912095e-002,
       -3.56901586e-002, -3.65068495e-001, 1.11571150e-002,
       2.26011630e-002, 2.46929843e-002, 1.76413327e-001,
       9.43484530e-003, -2.47916374e-002, -7.11277407e-003,
       -1.89103803e-003, -1.72740873e-002, -7.77630657e-002,
       7.31470762e-003, 4.47309529e-003, 3.13063245e-003,
       1.75989512e-002, -1.40004049e-004, 2.47598123e-002,
       1.14033336e-003, -4.08685906e-003, 9.78709292e-003,
       1.61138400e-002, 4.14159894e-003, -8.37002415e-003,
       -7.39569962e-003, -7.45263929e-003, -3.70605290e-002,
       3.46791837e-003, -1.90477830e-003, 1.38977235e-002,
       -3.70264682e-003, -4.76561580e-003, 5.83930116e-004,
       -8.13402794e-003, 2.22268034e-004, 4.32474568e-004,
       -1.30702043e-003, 3.04226088e-003, 3.16871367e-002,
       1.07597578e-002, 6.36543939e-003, 2.35324027e-003,
       -5.53451255e-002, 4.02554087e-002, 1.88893522e-003,
       -2.84691085e-003, 9.79043730e-003, 3.53327617e-002,
       1.94799766e-001, 1.21934891e-001, 6.93485327e-003,
       3.89239267e-002, 3.07576940e-003, -1.34749962e-002,
       2.22113356e-003, 1.54274947e-003, -4.75400239e-002,
       -6.75454910e-004, 4.41142917e-002, 1.08751953e-002,
       7.71479274e-004, -2.61334088e-002, 1.23366108e-003,
       -1.63466707e-002, -5.18641919e-002, -3.62203084e-002,
       1.33833187e-002, 9.81425866e-003, -3.34795401e-003,
       -4.29933565e-003, 2.08428334e-002, 4.56984714e-003,
       8.74169462e-004, 2.59364513e-003, -2.79036462e-002,
       1.18726038e-003, 7.40993954e-003, 6.12961547e-003,
       1.78898305e-001, 3.75533034e-003, -1.63360778e-003,
       4.95284284e-003, 4.85143485e-003, -3.72557761e-003,
       2.98005231e-002, 4.07289015e-003, 1.40285539e-003,
       3.89061810e-004, -5.01569621e-002, -1.78643484e-002,
       1.63598247e-002, 4.54925820e-002, 7.12575158e-004,
       2.95496080e-003, -3.56639802e-001, -1.84479300e-002,
       -6.78741001e-003, -5.01522534e-002, 1.29146618e-003,
       2.07029395e-002, 2.78645568e-003, -6.67565502e-003,
       1.86793285e-003, 1.49328448e-002, 5.36251348e-003,
       7.15346914e-003, -5.13427705e-002, -4.71948832e-002,
       -1.21910498e-003, -3.83269154e-002, -4.33825403e-002,
