%YAML:1.0
PCA7_vec: !!opencv-matrix
   rows: 10
   cols: 256
   dt: f
   data: [ -8.54824763e-003, -9.31075588e-002, -1.69551710e-003,
       -1.94655415e-002, 5.04187271e-002, -5.17521761e-002,
       1.81265874e-003, -7.18825217e-003, -1.51297906e-002,
       -1.27526186e-002, -7.47396983e-003, -1.79162398e-001,
       1.23308017e-003, -5.47257159e-003, -1.13734640e-002,
       -5.55548482e-002, 6.06382415e-002, 1.67281643e-001,
       -2.35754997e-003, 2.14678701e-002, -3.69968154e-002,
       -3.86877991e-002, -6.51600398e-003, -1.96560100e-002,
       1.68509841e-001, 3.54646631e-002, 7.57310539e-002,
       4.29251432e-001, -6.88642310e-003, -5.64830331e-003,
       -3.90376747e-002, -5.06564602e-002, -1.19774034e-002,
       -1.03032827e-001, -4.47500125e-003, -1.16137555e-002,
       -9.73874878e-004, -6.73500970e-002, 5.72950160e-003,
       -1.91466156e-002, -3.55996238e-003, -4.14843149e-002,
       -2.21468024e-002, -3.87861044e-003, 5.52925339e-004,
       2.79065757e-003, -2.31988472e-003, -8.45003407e-004,
       -4.71895784e-002, 7.75040388e-002, 4.13313275e-004,
       9.39484779e-003, -1.18920999e-002, -2.03064922e-002,
       -6.83285715e-003, -7.53062428e-004, -7.32125193e-002,
       5.28517775e-002, 2.48413417e-003, 8.28222651e-003,
       -6.49423397e-004, -6.35328051e-003, 1.75896869e-003,
       -1.98941748e-003, -1.06761919e-003, -4.68778517e-003,
       -2.85260449e-003, -2.04855087e-003, 1.82479981e-003,
       3.08639719e-003, -1.02170007e-002, 1.42686395e-003,
       -1.74165238e-003, -1.45325167e-002, -4.21073623e-002,
       -8.02591667e-002, 4.12986986e-003, -1.73778106e-002,
       -1.03458222e-002, -6.11797310e-002, 4.26390022e-003,
       2.08267220e-003, -6.26074243e-003, -4.01741685e-003,
       -7.54679553e-004, -7.79891992e-003, -8.31916928e-003,
       -8.06974713e-004, 4.70494619e-003, 8.39852320e-004,
       7.65011236e-002, 9.50619578e-002, -3.27507197e-003,
       -5.08847972e-003, -1.33904349e-002, -1.01283062e-002,
       -4.22904594e-003, -9.29141510e-003, -2.53303023e-003,
       -2.11352063e-003, -5.09549528e-002, -1.79850142e-002,
       -5.78646269e-003, 3.51774916e-002, -2.00476795e-002,
       -2.98274937e-003, -6.74114889e-003, -1.48807615e-002,
       5.67848468e-003, 7.35613257e-002, -7.77076706e-002,
       -5.51958494e-002, -8.90730228e-003, 1.37931742e-002,
       4.13957648e-002, 4.12787981e-002, -6.06474699e-003,
       1.35501297e-002, -6.79079618e-004, 2.55731549e-002,
       1.04086973e-001, 5.82937151e-002, 1.60323782e-003,
       5.36001660e-003, -1.50659878e-003, 3.91404442e-002,
       -4.40896302e-003, 1.14162045e-003, 6.24098955e-003,
       -7.75312912e-003, 1.01586562e-002, -1.37664459e-003,
       2.21496418e-001, -1.42363384e-002, -3.36426980e-004,
       -7.73904519e-003, 2.67196540e-003, -8.03993025e-004,
       -1.16244741e-002, -1.02687115e-002, 6.22932799e-004,
       -9.52278543e-003, 3.41520101e-001, 2.06797849e-002,
       -6.69457465e-002, -1.03829451e-001, 1.42489057e-002,
       -5.19292057e-002, -5.03282025e-002, -6.27291799e-002,
       -4.95227193e-003, -2.29108743e-002, -2.53993422e-002,
       -1.51574919e-002, -5.96559420e-002, -2.47735023e-001,
       -5.13015268e-003, -3.94305587e-003, -3.75329666e-002,
       -4.61335629e-002, -1.25812115e-002, -5.52741177e-002,
       -1.48980813e-002, -7.73818279e-003, 3.74762062e-003,
       1.23794869e-001, 6.32804334e-002, -8.15802962e-002,
       -3.09670856e-003, -3.15332673e-002, -1.64532401e-002,
       -6.58441335e-003, -2.27306853e-003, 1.68913382e-003,
       2.66035497e-002, -3.78176831e-002, -9.25279036e-003,
       2.04419605e-002, -4.20324178e-003, -3.16168815e-002,
       -1.21238586e-002, -2.65783165e-002, -1.50757385e-002,
       -4.30847742e-002, 7.73187261e-003, 6.12528576e-003,
       -5.92778251e-003, -1.22284051e-002, -7.11346627e-004,
       -3.54854972e-003, -1.50718121e-003, -1.30248675e-002,
       -1.26757659e-003, -1.42079154e-002, 3.75834323e-004,
       -7.00507313e-004, 1.72385760e-002, -7.07901781e-003,
       3.75524946e-002, 1.37427857e-003, -1.18588994e-003,
       -1.63137056e-002, -2.28406917e-002, -3.23852338e-002,
       2.39174115e-003, -4.05080952e-002, -7.15897791e-003,
       1.18742377e-001, -1.34293441e-004, -1.90708991e-002,
       -6.27671950e-004, -4.41272045e-003, -2.00936384e-003,
       -2.63113044e-002, -1.44055234e-002, -1.82534126e-003,
       -7.11805606e-003, -5.39299771e-002, -9.93214455e-003,
       1.99807305e-002, -5.09398384e-003, -5.99684678e-002,
       -1.26536405e-002, -9.80831124e-003, -9.11322143e-003,
       -7.83461407e-002, -3.41235497e-003, -2.34295763e-002,
       -4.89560366e-002, -2.22517401e-002, 5.55253495e-003,
       3.15355211e-001, -4.44912910e-003, -2.26073563e-002,
       -6.48672134e-003, -6.37875125e-002, 4.00446681e-003,
       3.22435737e-001, -5.65081909e-002, 2.28575412e-002,
       -1.30794309e-002, 8.99041742e-002, -1.89539567e-002,
       9.29800048e-002, -7.03331176e-003, 1.07014347e-002,
       -2.85748183e-003, -1.54369976e-002, -5.27914055e-002,
       1.27691805e-001, -1.39357278e-003, 2.43585370e-002,
       -3.02651781e-003, -1.79833570e-003, -4.66012396e-003,
       -2.62872390e-002, 3.84883815e-003, -1.85210630e-002,
       4.35660564e-004, 1.70484204e-002, 6.53264448e-002,
       -4.01919112e-002, -8.67034541e-004, 4.84911017e-002,
       1.25498429e-003, 3.16701038e-003, 5.42568369e-003,
       -5.21041788e-002, -3.78737779e-004, 1.13166850e-002,
       -8.62107053e-002, -6.53564781e-002, 2.26950496e-002,
       -3.08054119e-001, 2.63340250e-002, 2.53263046e-003,
       1.11677656e-002, 2.02207570e-003, -1.44128909e-003,
       4.76834215e-002, 1.38737693e-001, 4.54439111e-002,
       9.41402242e-002, -6.00150764e-001, 3.69073520e-003,
       2.90833949e-003, -5.51932445e-003, 4.27050807e-004,
       1.35101005e-003, -8.78852382e-002, 4.13614511e-003,
       2.20096539e-004, 8.25903658e-003, -7.10989311e-002,
       -1.80199817e-002, 3.37121263e-002, 1.11644265e-004,
       -3.08871400e-002, 1.29915392e-002, -4.49355488e-004,
       1.65848224e-003, 2.11394741e-003, -3.47210583e-003,
       -2.50000022e-002, -6.64871885e-003, 2.96924654e-002,
       3.70490598e-003, 5.59639977e-003, 2.54034717e-003,
       -7.56303780e-003, -1.40292232e-003, 3.54077602e-005,
       -8.35552718e-003, 3.56428884e-002, 6.13399455e-003,
       5.14334580e-003, -5.55340725e-004, -2.03894393e-004,
       -2.31040362e-003, 5.43166301e-004, 5.82733948e-004,
       2.35251943e-003, 3.10032105e-004, 6.77453208e-005,
       2.52114534e-002, -1.84357148e-002, 9.99665260e-003,
       1.24352460e-003, -3.34827462e-004, -6.37901016e-004,
       -1.97032243e-002, -8.51943344e-002, -4.62249713e-003,
       -9.71097127e-003, 4.62650787e-003, -1.11272551e-001,
       3.59896524e-003, 5.39500685e-003, 6.63040802e-002,
       1.26825264e-002, 2.25569791e-004, -8.33497732e-004,
       -3.96894611e-004, 3.94455565e-004, 3.73557233e-003,
       1.02890898e-002, 8.07275698e-002, 5.71572073e-002,
       1.72842803e-004, -1.27904315e-003, 5.03182178e-003,
       2.95958505e-003, 2.19975109e-003, -1.12565432e-003,
       1.05379091e-004, 6.52030343e-004, 1.15402475e-001,
       -6.68920949e-002, 2.14633010e-002, 3.51627097e-002,
       3.29788163e-004, -1.23320831e-004, -2.05987613e-004,
       6.77881180e-004, 1.26583520e-002, 1.00267399e-003,
       5.78856952e-002, -1.31770313e-001, 1.94567733e-003,
       2.13564448e-002, 3.46051604e-002, 6.55379891e-002,
       5.11438167e-003, 2.81968266e-002, 1.88118592e-003,
       3.66557911e-002, 2.30688397e-002, 6.31902292e-002,
       7.74959940e-003, 4.60109077e-002, 1.29727507e-003,
       1.88925471e-002, 3.20964050e-003, -6.99801184e-003,
       2.60316581e-003, -3.27271828e-003, -8.58701649e-004,
       1.06720335e-003, 1.19916335e-001, -6.67074844e-002,
