%YAML:1.0
PCA7_val: !!opencv-matrix
   rows: 10
   cols: 1
   dt: f
   data: [ 3.50478897e+001, 2.54005203e+001, 2.25169926e+001,
       1.74298325e+001, 1.38639698e+001, 8.81507874e+000,
       7.24404049e+000, 6.36090088e+000, 5.65294504e+000,
       4.92430544e+000 ]
