%YAML:1.0
mrmMat: !!opencv-matrix
   rows: 1
   cols: 256
   dt: f
   data: [ 1.35694832e-001, 1.05231607e+000, 9.80926491e-003,
       2.27792934e-001, 2.05395103e+000, 9.67847466e-001,
       3.54223438e-002, 2.67030001e-001, 1.36239782e-001,
       2.68664867e-001, 1.58583120e-001, 2.41798377e+000,
       4.35967334e-002, 1.70572221e-001, 2.45722079e+000,
       1.00817442e+000, 2.34604907e+000, 6.13950968e+000,
       4.81743902e-001, 1.02670300e+000, 6.30517721e-001,
       1.43814719e+000, 4.63215299e-002, 4.14168954e-001,
       3.74713922e+000, 9.55313385e-001, 2.12643051e+000,
       1.20833797e+001, 5.39509580e-002, 6.21253438e-002,
       8.03269804e-001, 1.38910091e+000, 4.74114455e-002,
       1.62615812e+000, 3.05177122e-002, 4.08719368e-002,
       9.53678489e-002, 1.11662126e+000, 8.58855605e-001,
       6.42506838e-001, 7.90190771e-002, 1.89100826e+000,
       2.25068137e-001, 7.90190771e-002, 1.52588561e-002,
       1.01907365e-001, 9.58038211e-001, 3.78201663e-001,
       6.29972756e-001, 1.15476847e+000, 4.41416912e-002,
       1.00272484e-001, 5.99455088e-002, 1.27520442e-001,
       3.16076316e-002, 5.44959167e-003, 2.45613098e+000,
       3.18910098e+000, 2.29427800e-001, 1.34059951e-001,
       4.90463246e-003, 5.72207123e-002, 2.77929176e-002,
       1.52588561e-002, 3.81471403e-003, 3.10626719e-002,
       8.93732980e-002, 6.53950963e-003, 3.19891036e-001,
       1.02561319e+000, 2.02724800e-001, 3.48773859e-002,
       5.88555895e-002, 1.80381477e-001, 1.85286117e+000,
       1.48664856e+000, 1.00272484e-001, 1.02997279e+000,
       2.65940070e-001, 1.10299730e+000, 7.08446875e-002,
       5.50408736e-002, 2.38583112e+000, 1.16621256e-001,
       3.26975482e-003, 3.86921018e-002, 5.12261614e-002,
       6.53950963e-003, 1.19891018e-001, 2.05449596e-001,
       3.68392396e+000, 1.28119898e+000, 1.03542237e-002,
       3.97820175e-002, 9.97275263e-002, 6.26703054e-002,
       1.63487755e-002, 4.03269790e-002, 9.26430523e-003,
       1.03542237e-002, 9.75476861e-001, 1.62724805e+000,
       2.41416901e-001, 1.44632161e+000, 2.67574936e-001,
       9.70027298e-002, 1.62942782e-001, 1.51498646e-001,
       2.31062680e-001, 1.15313363e+000, 1.12370574e+000,
       1.70681202e+000, 1.19346052e-001, 1.90735698e-001,
       2.96621275e+000, 6.59400582e-001, 3.86921018e-002,
       4.07084495e-001, 1.68937333e-002, 6.36512280e-001,
       1.27961855e+001, 7.35149920e-001, 3.49863768e-001,
       5.59128106e-001, 1.63487755e-002, 5.29155314e-001,
       4.57765684e-002, 5.43324292e-001, 7.45504141e-001,
       4.08719368e-002, 2.17983663e-001, 1.08991833e-002,
       7.74877405e+000, 1.83433247e+000, 7.19346106e-002,
       2.40326986e-001, 1.43324256e-001, 5.99455088e-003,
       8.62125397e-001, 6.04904667e-002, 5.72207123e-002,
       1.79836527e-001, 7.37711191e+000, 1.35095370e+000,
       1.88610363e+000, 2.33297014e+000, 1.57275212e+000,
       6.70844734e-001, 9.28065419e-001, 4.07084495e-001,
       4.08719368e-002, 1.50953680e-001, 2.55149865e+000,
       5.76021850e-001, 1.56294286e+000, 3.64741158e+000,
       3.32425088e-002, 3.10626719e-002, 7.47138977e-001,
       4.13079053e-001, 9.04632211e-002, 2.79782033e+000,
       2.04359680e-001, 5.72207123e-002, 3.40054512e-001,
       3.25722098e+000, 1.31117177e+000, 3.61689401e+000,
       1.03542238e-001, 1.23542237e+000, 1.71662137e-001,
       5.55858351e-002, 1.74386930e-002, 2.57220715e-001,
       1.76348782e+000, 1.02888286e+000, 7.52043650e-002,
       3.67847443e-001, 1.83106273e-001, 5.01907408e-001,
       6.64850175e-002, 1.33515000e-001, 4.57765684e-002,
       2.08174393e-001, 7.08991885e-001, 4.77929175e-001,
       2.19073579e-001, 7.91280687e-001, 2.17983662e-003,
       2.17983667e-002, 4.90463246e-003, 1.20980933e-001,
       4.35967324e-003, 1.73297018e-001, 1.34550416e+000,
       8.71934649e-003, 1.37329710e+000, 2.59073591e+000,
       9.09536839e-001, 6.59400597e-002, 4.90463246e-003,
       1.31880119e-001, 1.23378754e+000, 1.53079021e+000,
       1.44959137e-001, 3.99073601e+000, 6.05994582e-001,
       2.75204372e+000, 1.79291561e-001, 6.94822907e-001,
       8.15803826e-001, 7.13896528e-002, 6.53950963e-003,
       2.21253410e-001, 7.08446875e-002, 1.14441421e-002,
       1.32425070e-001, 8.25613141e-001, 5.22070885e-001,
       2.81198919e-001, 1.58038158e-002, 3.44414175e-001,
       6.86648563e-002, 6.75749332e-002, 3.05177122e-002,
       5.09536803e-001, 1.03542237e-002, 1.97820172e-001,
       4.53950971e-001, 4.55313396e+000, 1.62397832e-001,
       5.13133526e+000, 1.63487755e-002, 1.36784747e-001,
       2.34332439e-002, 4.57765698e-001, 1.54223442e-001,
       4.35967302e+000, 5.13351500e-001, 4.65504122e+000,
       8.50136280e-002, 9.51498687e-001, 2.82288849e-001,
       4.14822912e+000, 2.34332439e-002, 3.27520460e-001,
       9.80926491e-003, 1.27193463e+000, 1.71607637e+000,
       4.07901907e+000, 5.44959167e-003, 1.53079021e+000,
       9.80926491e-003, 1.12697554e+000, 2.12534070e-002,
       6.10899210e-001 ]
