%YAML:1.0
mrmMat: !!opencv-matrix
   rows: 10
   cols: 1
   dt: f
   data: [ 1.49421494e+002, 2.03761387e+001, 1.27712030e+001,
       1.16308289e+001, 1.00282497e+001, 7.06457472e+000,
       6.63955498e+000, 5.58066034e+000, 4.65734720e+000,
       4.14472342e+000 ]
