%YAML:1.0
PCAS_vec: !!opencv-matrix
   rows: 10
   cols: 256
   dt: f
   data: [ 2.76434189e-003, 1.70335695e-001, 0., 3.78761590e-001,
       -5.07997209e-003, -1.63632184e-002, -1.52412755e-003,
       -7.12140724e-002, 3.14367679e-003, 7.11992607e-002,
       3.42047866e-003, 1.66774556e-001, -5.65572700e-004,
       -3.84522006e-002, -1.31952824e-004, -4.33705281e-003,
       1.32062333e-002, -1.02837838e-001, 3.23637505e-005,
       -1.75808668e-002, -1.04381405e-002, 7.17347208e-003,
       -2.04652664e-003, 9.32597145e-002, 1.40263988e-002,
       5.90699667e-004, 1.06968114e-003, -1.46895543e-001,
       -7.74979824e-003, 1.72282904e-002, 0., 2.32123546e-002,
       1.28582784e-003, -3.53646316e-002, 1.60955396e-002,
       6.04769103e-002, -3.85191338e-003, -2.18654778e-002,
       4.78380872e-003, -9.87111554e-002, 7.53389858e-003,
       8.12604055e-002, 1.70729995e-001, -5.55487291e-004,
       4.31369338e-003, -1.74570261e-004, 5.47292875e-003,
       -3.63467000e-002, -1.20235849e-002, -1.36630870e-002,
       -5.54831407e-004, -1.02303680e-002, -9.13219620e-003,
       -3.76099795e-002, 2.15746881e-003, -2.96088457e-002,
       -1.41139524e-002, -3.64959426e-002, -8.86798929e-003,
       -3.40926670e-003, -3.23444582e-003, -1.36889532e-001,
       -1.14463340e-003, -4.28727223e-003, 2.93660481e-002,
       3.53919342e-002, 2.13618167e-002, 2.36958638e-003,
       1.80108417e-002, -9.92717296e-002, 3.59420246e-003,
       -3.25607508e-003, 4.60067677e-004, 9.22348425e-002,
       5.32054864e-002, -1.88690219e-002, -4.33206442e-005,
       -4.24582250e-002, 4.69379546e-003, -4.67809476e-003,
       8.87796190e-003, -3.80244834e-004, 1.02557773e-002,
       -7.78353191e-004, 1.86488533e-003, -8.58971197e-003,
       -1.82777215e-002, -6.22436889e-002, -1.96512381e-004,
       -7.62873329e-003, -1.80502664e-002, -8.87525082e-003,
       2.44054405e-004, -3.30895856e-002, -3.47861499e-002,
       -1.32829288e-003, 3.13000567e-002, -3.41072399e-003,
       2.63225113e-004, -1.11038651e-004, 3.07771266e-002,
       -4.35055792e-002, 5.04207611e-003, -4.30132113e-002,
       2.23641302e-002, 2.27672583e-003, 3.52059491e-003,
       3.66442138e-003, 4.56953794e-003, -4.19115298e-004,
       1.56855036e-003, -2.99490988e-002, 2.89910310e-003,
       -4.98778326e-003, 8.24820017e-005, -5.46221696e-002,
       2.12350544e-002, 2.65686940e-002, -2.96534796e-004,
       -6.71819076e-002, -2.68051066e-002, -6.65081963e-002,
       1.06637808e-003, -1.28010279e-002, 5.34011109e-004,
       -8.34122151e-002, 5.63152207e-005, -2.55084108e-003,
       -1.13958931e-002, -1.16797807e-002, 1.55996578e-003,
       1.04628205e-002, -5.00191487e-002, -2.84010265e-002,
       2.00986001e-003, -1.76248565e-001, -2.26555835e-003,
       -1.16845324e-004, 3.28660104e-003, -7.79980933e-003,
       1.40764844e-003, -1.22081243e-001, 4.05076612e-003,
       -1.58539787e-002, 2.60411948e-002, -1.03091329e-001,
       7.08349762e-005, 2.43263338e-002, 7.26774856e-002,
       1.54018283e-001, 1.62387211e-002, 5.70028186e-001,
       1.20446198e-002, 6.63133711e-002, 5.18023176e-003,
       1.48706371e-003, 9.45901405e-003, 1.96258441e-001,
       7.39846937e-003, 9.86159816e-002, -1.79157651e-003,
       -1.17206700e-001, -8.25382583e-003, -5.66850789e-003,
       -8.64961185e-003, -2.61068903e-002, -7.66011304e-004,
       -3.67586501e-002, 7.55478046e-004, -5.00885472e-002,
       9.56394058e-003, -1.44991800e-002, 2.68652826e-003,
       -2.71943212e-002, 1.28576439e-002, -8.69064126e-003,
       4.03557962e-004, -1.50021689e-003, 6.55160891e-003,
       -1.10072635e-001, 3.17627052e-003, 6.17176201e-003,
       4.65439586e-003, 1.29107550e-001, 4.98736277e-004,
       -6.24802778e-004, 1.01272529e-002, -4.04209308e-002,
       3.66183254e-003, -2.27198750e-002, 1.09520042e-002,
       5.68485595e-002, 9.22316127e-003, -3.08227204e-002,
       -6.34230953e-003, -1.95037876e-003, -9.94626549e-004,
       -4.52118479e-002, -1.89243555e-002, -3.52990627e-002,
       -5.91512246e-004, -1.10577503e-002, -3.20665538e-002,
       -7.29509220e-002, 0., -1.53721897e-002, -7.12662982e-003,
       -3.45314667e-002, 5.07219834e-003, -7.26984963e-002,
       1.51608360e-003, -6.11279334e-004, 1.77006181e-002,
       3.05804852e-002, 7.42157316e-003, -2.88493442e-003,
       -1.39510405e-004, -9.16235596e-002, -2.19050286e-004,
       1.13101734e-003, 4.20588767e-004, 1.26893464e-002,
       -7.29667628e-003, 7.65705365e-004, -7.21628661e-004,
       -1.86127014e-002, -6.86142710e-004, -3.27949971e-002,
       1.51860919e-002, -3.21910717e-002, -1.75370765e-003,
       -4.81766388e-002, -1.15352729e-003, -1.01353589e-003,
       -7.74509565e-004, -4.18794304e-002, 0., -1.71026133e-003,
       5.15213876e-004, -6.79472089e-002, 8.38259235e-004,
       -1.30930226e-002, 8.91339267e-004, -1.29004121e-001,
       7.02038184e-002, 1.25892222e-001, -1.71440588e-005,
       4.05902229e-002, -1.59957260e-003, -6.47144839e-002,
       3.80893075e-003, -4.61652642e-003, 2.61110794e-002,
       2.89873164e-002, 1.29336713e-005, 6.32908707e-003,
       -1.78361277e-003, -1.15080141e-001, 0., 1.43389627e-002,
       -9.92441736e-003, -3.39517370e-002, 7.59522663e-003,
       2.74574995e-001, 3.76322959e-003, 2.09869165e-002,
       5.43285860e-003, -6.34439513e-002, -4.01452387e-004,
       -1.26702134e-002, 1.12166000e-003, -1.56011386e-002,
       -4.15809453e-002, -7.98947513e-002, 2.93768564e-004,
       2.76660342e-002, 2.20697932e-002, -3.70715931e-002,
       8.24113376e-003, 5.50959110e-002, -5.53434305e-002,
       -9.99572407e-003, -1.08963042e-003, -2.25283444e-001,
       1.12446183e-002, 8.90524313e-002, 0., 5.36270021e-003,
       -2.16421229e-003, -9.64016020e-002, 1.34848598e-002,
       3.73147591e-003, -9.50435642e-003, -6.74672872e-002,
       7.45416339e-003, 9.28038452e-003, -3.06169293e-003,
       -7.56074190e-002, -4.09556273e-003, 8.27035494e-003,
       -8.91119649e-004, -2.05990998e-003, 5.43814292e-003,
       -3.72051522e-002, -6.66513517e-002, -2.31884755e-002,
       9.72783775e-004, 3.13737504e-002, -9.94644407e-003,
       -3.41007523e-002, 6.34324038e-003, 3.55585329e-002,
       -1.01192132e-001, -3.06250397e-002, 1.44261001e-002,
       5.25969686e-003, -1.21896770e-002, 1.98952466e-001,
       3.86524317e-003, -2.04707589e-003, 2.82515306e-003,
       -5.45670092e-003, 5.67768840e-003, 3.88165843e-003,
       1.17109865e-002, 5.94653338e-002, 6.13632752e-003,
       7.15349335e-004, 9.16459394e-005, 2.88210399e-002,
       -1.07987933e-001, -6.21828325e-002, -2.23840834e-004,
       7.67120123e-002, 5.96807746e-004, -2.00449349e-003,
       -6.93858776e-004, -2.58272095e-003, 3.91044142e-003,
       2.09633537e-004, 8.64470669e-004, 1.10174920e-002,
       2.70298077e-003, 8.62581953e-002, -2.40505394e-003,
       7.62260426e-003, 7.06788599e-002, 2.48148404e-002,
       -5.17110806e-004, 7.38870800e-002, -3.33254524e-002,
       7.71670311e-004, -1.79270760e-003, -9.89096705e-003,
       -9.42288971e-005, -1.03562830e-004, -5.57051913e-004,
       -2.92369314e-002, -2.43970033e-004, -1.31058348e-002,
       8.72764067e-005, 4.24437458e-003, 1.43835286e-003,
       8.16087064e-004, 2.18166341e-003, -2.26871250e-003,
       1.08212477e-003, -3.21343765e-002, -2.48703151e-003,
       -5.57469297e-003, -1.82815653e-004, 2.50660013e-002,
       8.95713980e-004, 2.03600600e-002, 1.58099167e-003,
       4.90779094e-002, -2.38066792e-001, 4.25410569e-002,
       -1.14959292e-002, -3.60541022e-003, 6.48786488e-004,
       1.12251192e-001, 7.74479122e-004, 5.89731988e-003,
       -2.27191392e-002, 2.06700582e-002, -5.92153578e-004,
       1.47161190e-003, -1.74656734e-001, -1.28785983e-001,
       2.13167872e-002, 4.59899634e-001, 2.02449355e-002,
       5.96433179e-003, 7.20463973e-003, -2.11958471e-003,
