%YAML:1.0
PCAS_mean: !!opencv-matrix
   rows: 1
   cols: 256
   dt: f
   data: [ 2.67942585e-002, 3.11770320e+000, 0., 2.71961713e+000,
       1.25358850e-001, 1.17416263e+000, 3.25358845e-002,
       4.72344494e+000, 7.27272704e-002, 5.88516712e-001,
       7.27272704e-002, 2.82870817e+000, 1.05263153e-002,
       1.35311007e+000, 1.91387557e-003, 5.98086119e-001,
       6.92822933e-001, 3.00574160e+000, 1.91387557e-003,
       1.39808607e+000, 4.48803812e-001, 3.51196170e-001,
       5.07177040e-002, 1.70717704e+000, 1.44593298e+000,
       1.74162671e-001, 4.40191366e-002, 4.27464104e+000,
       2.13397130e-001, 9.15789485e-001, 0., 3.60765547e-001,
       1.72248799e-002, 3.49186587e+000, 1.88516751e-001,
       5.87559819e-001, 8.42105225e-002, 7.92344511e-001,
       6.79425821e-002, 2.52153111e+000, 1.02392346e-001,
       5.18468904e+000, 1.69473684e+000, 2.63157904e-001,
       5.07177040e-002, 8.32535848e-002, 6.12440184e-002,
       9.40669835e-001, 5.57894707e-001, 4.19138759e-001,
       1.43540669e-002, 2.28708133e-001, 2.29665071e-001,
       1.20669854e+000, 1.09090909e-001, 7.57894754e-001,
       4.52631563e-001, 1.00095689e+000, 2.44019136e-001,
       7.55980834e-002, 9.56937820e-002, 4.13492823e+000,
       1.45454541e-001, 3.10047835e-001, 2.25837320e-001,
       7.62679398e-001, 2.87081331e-001, 2.48803832e-002,
       3.31100464e-001, 2.82775116e+000, 1.90430626e-001,
       1.10047847e-001, 2.96650715e-002, 1.06889951e+000,
       4.84306192e+000, 2.65263152e+000, 9.56937787e-004,
       1.24976075e+000, 1.11961722e-001, 1.07177034e-001,
       6.69856444e-002, 9.37799066e-002, 1.49282292e-001,
       5.45454547e-002, 3.34928222e-002, 6.66028678e-001,
       9.49282289e-001, 2.57990432e+000, 1.81818176e-002,
       3.28229666e-001, 6.71770334e-001, 2.18181819e-001,
       2.87081348e-003, 1.09952152e+000, 1.04880381e+000,
       2.87081338e-002, 2.33492821e-001, 1.33014351e-001,
       4.78468882e-003, 2.48803832e-002, 2.32535884e-001,
       9.90430593e-001, 4.40191366e-002, 9.99043047e-001,
       2.28708133e-001, 6.31578937e-002, 8.70813355e-002,
       1.34928226e-001, 3.82775106e-002, 1.53110046e-002,
       1.62679423e-002, 7.28229642e-001, 3.63636352e-002,
       1.33971289e-001, 5.74162696e-003, 1.12248802e+000,
       1.91387564e-001, 9.56937790e-001, 3.73205729e-002,
       2.60574150e+000, 1.20765543e+000, 1.38086128e+000,
       8.51674601e-002, 3.10047835e-001, 3.44497599e-002,
       2.43636370e+000, 4.78468882e-003, 2.69856453e-001,
       4.41148311e-001, 3.41626793e-001, 9.56937820e-002,
       1.44497603e-001, 1.52918661e+000, 1.06698561e+000,
       2.41148323e-001, 5.03923416e+000, 1.23444974e-001,
       4.21052612e-002, 7.84688964e-002, 2.64114827e-001,
       9.85645950e-002, 2.65741634e+000, 7.27272704e-002,
       5.70334911e-001, 7.16746390e-001, 2.61626792e+000,
       5.74162696e-003, 2.06794262e+000, 1.02200961e+000,
       1.82679427e+000, 2.65071779e-001, 7.10334921e+000,
       4.93779898e-001, 6.39234424e-001, 6.41148314e-002,
       2.19425845e+000, 1.31100476e-001, 4.92153120e+000,
       6.79425821e-002, 1.00669861e+000, 8.13397095e-002,
       3.00478458e+000, 3.57894719e-001, 3.96172255e-001,
       2.88038284e-001, 1.75980854e+000, 1.89473689e-001,
       1.71387553e+000, 1.54066980e-001, 1.54736841e+000,
       3.24401915e-001, 4.01913881e-001, 1.52153105e-001,
       7.09090889e-001, 2.03827754e-001, 4.60287064e-001,
       1.14832539e-002, 3.92344482e-002, 5.64593300e-002,
       2.86602879e+000, 2.21052632e-001, 2.22966504e+000,
       1.34928226e-001, 1.25071764e+000, 3.92344482e-002,
       6.98564574e-002, 9.18660313e-002, 9.20574129e-001,
       1.02392346e-001, 5.85550213e+000, 1.18660286e-001,
       8.12440157e-001, 5.40669858e-001, 1.11961722e+000,
       1.45358849e+000, 5.26315793e-002, 1.17703342e+000,
       1.32248807e+000, 7.03349292e-001, 7.17703342e-001,
       1.43540669e-002, 7.58851647e-001, 1.80956936e+000,
       1.83157897e+000, 0., 4.77511942e-001, 2.18181819e-001,
       8.31578910e-001, 7.36842081e-002, 1.90334928e+000,
       4.11483236e-002, 2.75598079e-001, 1.89473689e-001,
       8.91866028e-001, 1.09090912e+000, 3.18468904e+000,
       4.78468882e-003, 2.35598087e+000, 2.00956929e-002,
       2.77511962e-002, 2.87081348e-003, 9.03349280e-001,
       3.51196170e-001, 2.67942585e-002, 1.43540669e-002,
       4.44976062e-001, 1.43540669e-002, 8.44976068e-001,
       1.77033484e-001, 8.06698561e-001, 4.49760742e-002,
       1.04210520e+000, 3.73205729e-002, 5.74162677e-002,
       3.06220092e-002, 1.14354062e+000, 0., 5.16746417e-002,
       1.05263153e-002, 1.51961720e+000, 1.14832539e-002,
       3.77033502e-001, 1.33971293e-002, 3.07846880e+000,
       4.76555020e-001, 8.88038278e-001, 4.30621989e-002,
       1.11483252e+000, 1.36842102e-001, 1.50717700e+000,
       5.26315793e-002, 1.55023918e-001, 1.69377983e-001,
       5.01435399e-001, 1.91387557e-003, 7.36842081e-002 ]
