%YAML:1.0
PCAW_val: !!opencv-matrix
   rows: 10
   cols: 1
   dt: f
   data: [ 8.11382446e+001, 3.45624046e+001, 2.37022457e+001,
       1.48487358e+001, 1.25861311e+001, 1.05485287e+001,
       7.85460758e+000, 6.71109486e+000, 5.83469868e+000,
       5.61941481e+000 ]
