%YAML:1.0
PCAW_mean: !!opencv-matrix
   rows: 1
   cols: 256
   dt: f
   data: [ 5.46448082e-002, 3.60109282e+000, 5.46448082e-002,
       2.63387966e+000, 3.16939890e-001, 2.95081973e-001,
       4.37158458e-002, 1.61202180e+000, 1.47540987e-001, 3.,
       4.91803251e-002, 4.23497248e+000, 6.55737668e-002,
       1.13114750e+000, 5.46448072e-003, 7.81420767e-001,
       5.51912546e-001, 6.66666627e-001, 4.37158458e-002,
       1.03825137e-001, 2.18579233e-001, 3.06010932e-001,
       9.83606502e-002, 2.77595615e+000, 1.41530049e+000,
       1.74863383e-001, 1.09289616e-001, 1.83060110e+000,
       1.09289616e-001, 5.30054629e-001, 4.37158458e-002,
       4.59016383e-001, 2.13114753e-001, 2.19672132e+000,
       9.61748600e-001, 3.24043703e+000, 1.57923496e+000,
       3.71584684e-001, 2.89617479e-001, 8.41530025e-001,
       4.64480847e-001, 4.94535494e+000, 3.32786870e+000,
       9.28961709e-002, 5.08196712e-001, 2.45901629e-001,
       2.67759562e-001, 2.18579229e-002, 1.29508197e+000,
       6.12021863e-001, 7.10382462e-002, 7.65027329e-002,
       9.01639342e-001, 8.68852437e-001, 2.62295067e-001,
       2.60655737e+000, 8.79781425e-001, 1.21311474e+000,
       1.36612013e-001, 1.09289614e-002, 3.77049178e-001,
       2.18579221e+000, 1.74863383e-001, 3.27868849e-001,
       4.42622930e-001, 1.07650268e+000, 7.59562850e-001,
       1.96721300e-001, 6.17486298e-001, 1.04371583e+000,
       3.33333313e-001, 1.10928965e+000, 2.73224041e-002,
       2.83060098e+000, 4.72131157e+000, 2.18579221e+000,
       1.09289614e-002, 3.60655725e-001, 1.25683054e-001,
       1.63934417e-002, 1.09289616e-001, 2.29508191e-001,
       2.40437150e-001, 1.69398904e-001, 1.53005466e-001,
       7.32240438e-001, 7.15846956e-001, 7.40437126e+000,
       7.10382462e-002, 2.56830603e-001, 4.26229507e-001,
       3.82513665e-002, 0., 4.37158465e-001, 6.01092875e-001,
       9.83606502e-002, 3.71584684e-001, 1.09289616e-001,
       2.73224041e-002, 3.77049178e-001, 2.29508191e-001,
       4.37158458e-002, 7.65027329e-002, 1.91256821e-001,
       3.00546438e-001, 9.28961709e-002, 1.42076492e-001,
       1.63934425e-001, 1.47540987e-001, 1.09289614e-002,
       1.25683054e-001, 9.83606502e-002, 9.28961709e-002,
       3.60655725e-001, 3.82513665e-002, 3.38797808e-001,
       2.89617479e-001, 9.89071012e-001, 7.65027329e-002,
       2.87978125e+000, 2.50273228e+000, 3.98907095e-001,
       1.47540987e-001, 5.46448052e-001, 1.58469945e-001,
       9.50819671e-001, 3.82513665e-002, 5.13661206e-001,
       6.77595615e-001, 1.09289616e-001, 1.63934425e-001,
       8.19672123e-002, 1.13661194e+000, 3.11475396e-001,
       2.02185780e-001, 7.37704873e-001, 1.31147534e-001,
       6.72131121e-001, 2.45901629e-001, 4.97267753e-001,
       1.85792342e-001, 1.79781413e+000, 1.09289616e-001,
       3.38797808e-001, 6.93989038e-001, 5.51912546e-001,
       2.24043712e-001, 5.19125640e-001, 9.01639342e-001,
       1.35519123e+000, 7.43169367e-001, 6.03278685e+000,
       5.24590135e-001, 1.59016395e+000, 4.80874300e-001,
       1.44262290e+000, 2.02185780e-001, 5.40437126e+000,
       1.12568307e+000, 2.47540975e+000, 3.82513642e-001,
       1.39890707e+000, 6.93989038e-001, 1.74863386e+000,
       1.54644799e+000, 1.39890707e+000, 2.51366109e-001,
       1.01092899e+000, 2.13114753e-001, 1.46994531e+000,
       1.59562838e+000, 1.06557369e+000, 9.39890683e-001,
       1.86885238e+000, 6.93989038e-001, 9.83606502e-002,
       3.27868834e-002, 2.40437150e-001, 6.01092875e-002,
       1.28961742e+000, 4.37158465e-001, 1.75956285e+000,
       2.73224026e-001, 3.43715835e+000, 9.83606502e-002,
       2.29508191e-001, 2.24043712e-001, 1.04371583e+000,
       3.38797808e-001, 4.98907089e+000, 3.66120219e-001,
       1.65573764e+000, 1.23497260e+000, 1.28415298e+000,
       4.42622930e-001, 1.25683054e-001, 1.14207649e+000,
       2.04371572e+000, 4.48087424e-001, 8.57923448e-001,
       4.26229507e-001, 2.13661194e+000, 1.06010926e+000,
       3.82513642e-001, 5.46448072e-003, 1.42622948e+000,
       1.96721300e-001, 8.19672123e-002, 2.51366109e-001,
       5.08196712e-001, 1.14754096e-001, 3.82513665e-002,
       5.30054629e-001, 2.16393447e+000, 8.08743119e-001,
       3.58469939e+000, 5.46448072e-003, 4.91803259e-001,
       8.19672123e-002, 5.46448072e-003, 1.14754096e-001,
       1.84152997e+000, 4.04371560e-001, 5.13661206e-001,
       6.01092875e-002, 2.95081973e-001, 1.09289614e-002,
       6.88524544e-001, 2.45901629e-001, 2.45901629e-001,
       6.01092875e-002, 4.91803251e-002, 8.19672123e-002,
       6.33879781e-001, 6.55737668e-002, 6.50273204e-001,
       8.19672123e-002, 5.19125640e-001, 1.03825137e-001,
       5.46448072e-003, 6.01092875e-002, 3.93442601e-001,
       3.82513665e-002, 2.07650274e-001, 5.95628381e-001,
       9.07103777e-001, 9.28961709e-002, 1.28961742e+000,
       3.00546438e-001, 4.91803259e-001, 4.91803251e-002,
       2.51366109e-001, 3.38797808e-001, 1.67213106e+000,
       1.80327863e-001, 6.55737698e-001 ]
