%YAML:1.0
PCAW_vec: !!opencv-matrix
   rows: 10
   cols: 256
   dt: f
   data: [ -1.54321641e-003, -5.28747514e-002, 2.28590472e-003,
       2.20032632e-001, -9.32084117e-003, -1.11579383e-002,
       -2.45975982e-003, 1.36902230e-002, 5.06312819e-003,
       7.28227384e-003, 4.16846247e-003, 2.20293686e-001,
       -2.13590520e-003, -1.19193457e-002, -2.38462657e-004,
       -3.16663012e-002, -7.77930999e-003, 5.33008352e-002,
       4.00930177e-003, 1.83410924e-002, 7.48898383e-005,
       -1.86646171e-002, 1.46767672e-003, -5.46246655e-002,
       -1.28716668e-002, 3.90428165e-003, 1.08886836e-002,
       1.06632374e-001, 4.91009385e-004, -8.44680239e-003,
       -3.03106452e-003, -1.23808952e-002, 1.91359241e-002,
       9.08766612e-002, 1.11606875e-002, 6.50185719e-002,
       -3.85705121e-002, -4.64413344e-004, -1.36075299e-002,
       -4.52534435e-003, 4.51509394e-002, 4.55844700e-002,
       3.35800387e-002, -1.37525704e-003, -2.82219406e-002,
       -6.98948139e-003, -3.31603619e-003, -5.48288750e-004,
       3.09701879e-002, 4.76300158e-003, 8.86759954e-004,
       1.10781126e-004, 2.59798057e-002, -3.90093178e-002,
       7.08920322e-003, -1.22046940e-001, 2.62985900e-002,
       -2.70707044e-003, 2.28992058e-003, 7.04983831e-004,
       -1.64858066e-002, -1.30446300e-001, 4.95114457e-003,
       1.26299104e-002, 3.37055176e-002, 1.81096308e-002,
       5.07321805e-002, 7.72838620e-003, -8.76908936e-003,
       -6.24183863e-002, 2.15488113e-002, -7.51693621e-002,
       -8.56635452e-004, 5.23792766e-002, 1.08957231e-001,
       -5.38894609e-002, -8.86407390e-004, -9.99682304e-003,
       1.44363381e-002, 7.86510005e-004, -5.36780851e-003,
       -8.93632695e-003, -9.56719555e-003, -1.24182152e-002,
       -8.71513877e-003, -3.59212793e-002, -2.71271598e-002,
       -2.60209352e-001, 2.50970083e-003, -1.77043192e-002,
       2.38496158e-003, 1.85277197e-003, 0., -1.13811009e-002,
       -3.35181095e-002, 2.93197460e-003, 3.57908159e-002,
       -8.06955621e-003, 5.95788413e-004, -2.02782657e-002,
       7.51025090e-003, -3.05396155e-003, 2.66746385e-003,
       -1.71767678e-002, 1.48730809e-002, 2.50231614e-003,
       9.63434577e-003, -5.05576422e-003, -6.06699847e-003,
       -7.67667487e-004, 8.72327480e-004, -7.78306229e-003,
       2.34312774e-003, -1.46503886e-002, 1.95328589e-003,
       -2.92184632e-002, 1.48875527e-002, -4.41156477e-002,
       5.35346521e-003, -1.16694279e-001, 9.17533785e-002,
       -2.56159343e-002, 2.37484113e-003, -2.48519611e-002,
       -2.84960750e-003, -6.30012006e-002, -2.77266791e-003,
       -3.82925267e-003, -6.07628049e-003, -1.16931251e-003,
       -4.92463633e-003, 3.92992981e-003, -1.03761768e-002,
       3.97589058e-002, -3.62814218e-003, -2.00501382e-002,
       -2.76902644e-003, -3.26354429e-002, -1.98594201e-002,
       -1.57575663e-002, 5.22788288e-003, -7.53480196e-002,
       -9.53959953e-003, 1.71621959e-003, -2.04957984e-002,
       1.40309865e-002, -3.77724716e-003, 2.87386160e-002,
       -7.53935194e-004, 3.20599616e-001, -2.36913823e-002,
       4.40559149e-001, -2.23279092e-003, -4.80473749e-002,
       -3.13057788e-002, 2.77065989e-002, 6.66196877e-003,
       -5.12133725e-002, -7.22654611e-002, 2.56124020e-001,
       2.46583894e-002, -1.78251136e-002, -3.70118208e-002,
       -8.96531641e-002, 1.10596478e-001, -5.33962948e-003,
       -1.36625636e-002, -6.87484294e-002, 5.34275267e-003,
       -3.55791599e-002, -9.23818648e-002, -7.80272111e-002,
       -1.75584089e-002, -1.02559803e-002, -4.31539305e-002,
       -1.39185251e-003, 5.53847337e-003, 6.31522993e-003,
       1.57017680e-003, -1.90635212e-002, 6.75748959e-002,
       -3.88251059e-002, 1.65172927e-002, -1.11641392e-001,
       4.62470297e-003, -1.64454058e-002, 4.37744660e-003,
       -5.76238707e-002, 2.84714457e-002, -1.90640882e-001,
       1.24952095e-002, 9.76776853e-002, -4.10279818e-002,
       8.25991854e-003, -5.80555014e-003, 6.96359435e-003,
       1.34554077e-002, -3.18613574e-002, -9.89557360e-004,
       -3.72693986e-002, -3.33133414e-002, -1.06468387e-001,
       -6.75209910e-002, -2.70778965e-002, -3.67359433e-004,
       -6.49489909e-002, -1.60357927e-003, -6.28885487e-003,
       -1.61001720e-002, 1.59091949e-002, -8.92191287e-003,
       -1.51961157e-003, 2.29829699e-002, 2.01184228e-001,
       3.68145220e-002, 3.01372707e-001, -4.78193630e-004,
       -3.12978365e-002, -5.82107296e-003, -6.47944747e-004,
       4.84948792e-003, -5.29523231e-002, 8.96106102e-003,
       3.08905616e-002, -2.51482544e-003, -7.76571408e-003,
       -9.41045757e-004, -4.95314822e-002, 1.35243768e-002,
       -1.06521475e-003, 3.43930395e-003, -4.26204968e-003,
       -4.52942960e-003, -5.25425486e-002, -2.89702928e-003,
       -4.85316403e-002, -4.14911564e-003, -4.59740125e-003,
       2.78727210e-004, 7.49244995e-004, 4.80862195e-003,
       1.20882746e-002, 2.24167365e-003, -1.58894956e-002,
       4.24351133e-002, 3.81568149e-002, 4.93041845e-003,
       -2.28179246e-002, 2.26648618e-002, -3.11649125e-002,
       8.99974897e-004, -8.00698251e-003, 2.10170504e-002,
       -7.11583868e-002, -9.43343714e-003, 1.29850172e-002,
       4.15600982e-004, -1.43328756e-001, 1.05138021e-002,
       -1.57453015e-001, 6.93844073e-003, -1.37419521e-003,
       3.91876046e-003, 8.83409008e-002, 9.23738722e-003,
       1.52092263e-001, 2.95773312e-003, -1.91407874e-001,
       6.49852119e-003, 4.17516008e-002, 5.81231259e-004,
       -1.53909791e-002, 1.32065723e-002, -3.14874351e-002,
       1.82623249e-002, -6.19243219e-005, 2.32572034e-002,
       -1.55240148e-002, 2.46908329e-002, 4.47951170e-004,
       3.57538718e-003, 4.39506955e-003, 1.02357548e-002,
       -9.42765102e-002, 5.88285225e-003, -5.96196565e-004,
       1.39507977e-003, 1.24603673e-003, -7.22630229e-003,
       -1.39151499e-001, 8.19304511e-002, 3.08566123e-001,
       -1.00348182e-002, -1.31303910e-003, 1.48203196e-002,
       4.15226705e-002, 5.02424054e-002, -8.29328448e-002,
       1.37851983e-001, -6.65851752e-004, -2.81079654e-002,
       6.92302268e-003, 1.52295688e-002, -3.20851832e-004,
       1.61328111e-002, 2.17533740e-003, 7.12929713e-003,
       7.66450819e-003, 6.36708587e-002, -2.75789984e-002,
       3.70827056e-002, -7.14926049e-002, -2.24640686e-002,
       -1.25798900e-002, 1.59570035e-002, 1.57772971e-003,
       -1.16763385e-002, -1.00310914e-001, 1.44332703e-002,
       1.33951381e-002, 5.51883504e-002, 1.19743682e-002,
       1.62795737e-001, 2.28555743e-002, 1.42816789e-002,
       -3.94194722e-002, 3.93060111e-002, -4.62904684e-002,
       -2.20062269e-004, 2.66582847e-001, -1.10408261e-001,
       -9.30067897e-002, 6.36071549e-004, 5.47180232e-003,
       2.23068768e-004, 2.53948197e-003, 2.57079885e-003,
       -9.55482572e-003, -1.12919714e-002, -1.16125587e-002,
       -7.02674128e-003, -3.27301174e-002, -2.60250829e-002,
       -4.55264337e-002, 2.93680903e-004, -1.40927946e-002,
       2.52059312e-003, -2.40278617e-003, 0., -1.37103721e-002,
       -3.26414742e-002, 9.17731877e-003, 7.02787340e-002,
       -1.34524694e-002, 6.79915631e-003, -1.44506050e-002,
       2.97296476e-002, 1.06305792e-003, 1.01784756e-002,
       -1.43584805e-002, 2.50743404e-002, 3.54380766e-003,
       8.59888457e-003, -6.45885151e-003, 7.76730757e-003,
       -3.56922363e-004, 1.77608132e-002, -6.30847737e-003,
       4.12083603e-003, -9.70002171e-003, 1.27902562e-002,
       -1.06865298e-002, 6.53024241e-002, -1.71813369e-002,
       2.22977176e-002, -2.80806050e-002, 6.87201470e-002,
       -9.25555639e-003, -5.01494668e-003, -1.03570074e-002,
       2.60508084e-003, -4.49763089e-002, -1.80366857e-003,
       7.25983130e-003, 1.61695424e-002, -3.85655835e-003,
       1.02305990e-002, -4.29289136e-003, 2.03160439e-002,
       -2.90380158e-002, 1.21503090e-002, -4.37291116e-002,
