%YAML:1.0
mrmMat: !!opencv-matrix
   rows: 1
   cols: 200
   dt: f
   data: [ 2.60704861e+001, 3.81849060e+001, 4.81397438e+001,
       5.59151154e+001, 6.40728149e+001, 6.51390610e+001,
       5.71003227e+001, 4.00137939e+001, 2.11355381e+001,
       2.89651203e+001, 4.15396080e+001, 4.48681870e+001,
       4.29807091e+001, 4.04304237e+001, 3.83118935e+001,
       3.65454178e+001, 3.49187126e+001, 3.34512444e+001,
       3.48945503e+001, 3.99371986e+001, 3.53388710e+001,
       5.35873871e+001, 6.32143860e+001, 6.54927216e+001,
       6.94232788e+001, 6.85656738e+001, 5.83541107e+001,
       3.81669540e+001, 2.29492798e+001, 4.32886238e+001,
       5.97728424e+001, 6.29637413e+001, 5.95712166e+001,
       5.54003143e+001, 5.13903084e+001, 4.75784264e+001,
       4.40012093e+001, 4.08635826e+001, 3.94351997e+001,
       4.07791939e+001, 4.22421532e+001, 6.20090408e+001,
       6.91016617e+001, 6.53088379e+001, 6.29161339e+001,
       5.84845810e+001, 4.59047279e+001, 2.60164337e+001,
       2.91908226e+001, 5.88444901e+001, 7.48720856e+001,
       7.56391830e+001, 6.89478683e+001, 6.13733788e+001,
       5.42473793e+001, 4.75804901e+001, 4.18223457e+001,
       3.68388138e+001, 3.30889702e+001, 3.20144081e+001,
       4.01644058e+001, 5.52281799e+001, 5.80477715e+001,
       5.18542252e+001, 4.71284676e+001, 4.06836510e+001,
       2.76517639e+001, 1.69610424e+001, 4.02208672e+001,
       6.81683273e+001, 7.91426315e+001, 7.54722061e+001,
       6.50255737e+001, 5.41248360e+001, 4.48652267e+001,
       3.70063820e+001, 3.06767273e+001, 2.54182529e+001,
       2.13021889e+001, 1.99657917e+001, 2.97893181e+001,
       3.66192055e+001, 3.60264664e+001, 3.23940697e+001,
       2.91164551e+001, 2.24160423e+001, 1.29411926e+001,
       2.26150913e+001, 4.76197052e+001, 6.74880829e+001,
       7.13456802e+001, 6.38289909e+001, 5.11957016e+001,
       3.90526314e+001, 3.02743759e+001, 2.38485832e+001,
       1.91824036e+001, 1.54727745e+001, 1.28307114e+001,
       1.19521666e+001, 2.36093483e+001, 2.45867329e+001,
       2.28247814e+001, 1.99679871e+001, 1.61230087e+001,
       1.07731075e+001, 1.44422598e+001, 2.94143181e+001,
       4.70463562e+001, 5.72567024e+001, 5.51973038e+001,
       4.70971718e+001, 3.56649246e+001, 2.44653568e+001,
       1.79935970e+001, 1.45327215e+001, 1.23700838e+001,
       1.07932043e+001, 1.00615454e+001, 9.62442970e+000,
       2.65168266e+001, 2.60935402e+001, 2.20285015e+001,
       1.64741058e+001, 1.22872982e+001, 1.35235415e+001,
       2.08836308e+001, 3.08817387e+001, 4.00767632e+001,
       4.33491859e+001, 3.98244286e+001, 3.52106323e+001,
       2.72276917e+001, 1.80093231e+001, 1.30203209e+001,
       1.11026487e+001, 1.01668806e+001, 9.44987679e+000,
       9.51907158e+000, 9.53035545e+000, 2.92645493e+001,
       2.62078114e+001, 1.97338257e+001, 1.61093712e+001,
       1.64976597e+001, 1.95573330e+001, 2.37348022e+001,
       2.77311954e+001, 3.07437115e+001, 3.09560623e+001,
       2.94504471e+001, 2.80876808e+001, 2.24906425e+001,
       1.54329605e+001, 1.13599691e+001, 9.66329861e+000,
       9.04544067e+000, 8.95192337e+000, 9.46179676e+000,
       9.92754364e+000, 3.00730858e+001, 2.48958626e+001,
       1.98938179e+001, 2.11482563e+001, 2.36095409e+001,
       2.52253475e+001, 2.59333305e+001, 2.53807030e+001,
       2.46170940e+001, 2.44402943e+001, 2.46476479e+001,
       2.44637184e+001, 1.94934292e+001, 1.35605783e+001,
       1.01815014e+001, 9.10605907e+000, 8.75343037e+000,
       8.91043758e+000, 9.76101208e+000, 1.06080704e+001,
       3.14811230e+001, 2.84859200e+001, 2.62540665e+001,
       2.80293846e+001, 2.88183174e+001, 2.78955269e+001,
       2.62172394e+001, 2.33388176e+001, 2.19206409e+001,
       2.25030117e+001, 2.32245045e+001, 2.28923264e+001,
       1.82193279e+001, 1.31186514e+001, 1.04211922e+001,
       9.67787838e+000, 1.01206999e+001, 1.05986071e+001,
       1.16174374e+001, 1.31171627e+001 ]
