%YAML:1.0
StdDev1: !!opencv-matrix
   rows: 1
   cols: 400
   dt: f
   data: [ 2.63013325e+001, 3.28707085e+001, 7.26772232e+001,
       1.16677162e+002, 1.38721375e+002, 1.39056061e+002,
       1.33355789e+002, 1.29181854e+002, 1.29602859e+002,
       1.36488571e+002, 6.81460648e+001, 3.57414894e+001,
       6.67283630e+001, 1.31973145e+002, 1.76374954e+002,
       1.96352386e+002, 2.05330200e+002, 2.10251526e+002,
       2.12943665e+002, 2.15690445e+002, 4.18093529e+001,
       3.47649078e+001, 4.85184135e+001, 8.04657364e+001,
       9.70761642e+001, 9.45962448e+001, 8.77159958e+001,
       8.32516632e+001, 8.44099503e+001, 9.27796097e+001,
       1.10027351e+002, 7.04689713e+001, 4.14785995e+001,
       8.26624527e+001, 1.30852066e+002, 1.64545029e+002,
       1.85768723e+002, 1.96981842e+002, 2.02966187e+002,
       2.07934921e+002, 6.93610077e+001, 6.58658600e+001,
       5.25831833e+001, 4.08472404e+001, 4.12539406e+001,
       4.20749207e+001, 4.14535141e+001, 4.01917915e+001,
       4.19181213e+001, 4.97266617e+001, 1.54212891e+002,
       1.12997498e+002, 6.01200638e+001, 4.98370018e+001,
       9.17122726e+001, 1.27069656e+002, 1.51840393e+002,
       1.67177292e+002, 1.77232468e+002, 1.85883560e+002,
       9.41093216e+001, 1.02163879e+002, 1.00556541e+002,
       8.64827271e+001, 6.48387222e+001, 3.87297859e+001,
       2.12584572e+001, 1.64510975e+001, 1.64988785e+001,
       2.14226303e+001, 1.91770050e+002, 1.62103073e+002,
       1.21398949e+002, 7.68310318e+001, 5.03273087e+001,
       7.07718964e+001, 1.03773232e+002, 1.26494072e+002,
       1.39126541e+002, 1.50042328e+002, 1.00924881e+002,
       1.09663162e+002, 1.07793579e+002, 9.25862808e+001,
       6.94198990e+001, 4.12918510e+001, 2.05890598e+001,
       1.22494001e+001, 1.14986858e+001, 1.33384399e+001,
       2.15581009e+002, 1.97942032e+002, 1.72065002e+002,
       1.36439209e+002, 9.47523422e+001, 5.27167625e+001,
       5.10236015e+001, 7.68596268e+001, 9.10316696e+001,
       1.01303902e+002, 9.20581436e+001, 1.04947739e+002,
       1.11682640e+002, 1.05885475e+002, 8.98320465e+001,
       6.12213440e+001, 3.11616230e+001, 1.78577385e+001,
       1.19719610e+001, 1.28378658e+001, 2.21792801e+002,
       2.09702179e+002, 1.89047745e+002, 1.57910782e+002,
       1.18395096e+002, 6.96299744e+001, 3.11044540e+001,
       3.68560486e+001, 4.65840340e+001, 5.44783096e+001,
       6.93289795e+001, 8.15111694e+001, 9.11461868e+001,
       9.40162964e+001, 8.81720352e+001, 6.77485352e+001,
       4.14536209e+001, 3.19295483e+001, 2.15555248e+001,
       1.59466524e+001, 2.21438492e+002, 2.17731674e+002,
       2.07037979e+002, 1.87679245e+002, 1.57396835e+002,
       1.09924500e+002, 5.23298836e+001, 2.00597649e+001,
       2.00995674e+001, 2.42080498e+001, 4.30130043e+001,
       5.01071396e+001, 5.80772438e+001, 6.40160751e+001,
       6.59407501e+001, 5.98075256e+001, 5.43665428e+001,
       5.23010712e+001, 3.76709824e+001, 2.48872509e+001,
       2.14323273e+002, 2.14109421e+002, 2.05831512e+002,
       1.88548126e+002, 1.59916611e+002, 1.14476494e+002,
       5.57510414e+001, 1.94901638e+001, 1.44372301e+001,
       1.72189350e+001, 2.90521736e+001, 3.27422218e+001,
       4.00722885e+001, 4.94925346e+001, 5.82513924e+001,
       6.27336273e+001, 6.77320175e+001, 6.89979172e+001,
       5.11083984e+001, 3.40233231e+001, 2.05082275e+002,
       2.06010651e+002, 1.98325150e+002, 1.81242737e+002,
       1.52826370e+002, 1.07513779e+002, 4.98354073e+001,
       2.21097279e+001, 2.22846603e+001, 2.37351036e+001,
       2.60714779e+001, 2.72435818e+001, 3.30237350e+001,
       4.55187073e+001, 6.23820381e+001, 7.47988205e+001,
       8.33108673e+001, 7.99195938e+001, 5.87645531e+001,
       3.93633003e+001, 1.97590134e+002, 1.95697189e+002,
       1.81195572e+002, 1.54252090e+002, 1.19669853e+002,
       7.66887817e+001, 3.59040909e+001, 3.82603340e+001,
       4.39096947e+001, 4.52552719e+001, 2.73666515e+001,
       3.43894119e+001, 4.30466919e+001, 4.98085670e+001,
       5.49134369e+001, 5.77543983e+001, 5.99804115e+001,
       6.34922829e+001, 6.71967163e+001, 6.90215759e+001,
       6.91360474e+001, 6.66864929e+001, 6.16226273e+001,
       5.43325500e+001, 4.44605980e+001, 3.30114937e+001,
       2.44019852e+001, 2.46856632e+001, 3.36140442e+001,
       4.39318924e+001, 3.45361214e+001, 4.45622368e+001,
       5.57075195e+001, 6.34381104e+001, 6.77595673e+001,
       6.84433517e+001, 6.71522217e+001, 6.70096359e+001,
       6.75455704e+001, 6.73503876e+001, 6.59543762e+001,
       6.22185669e+001, 5.59118805e+001, 4.73760986e+001,
       3.69165154e+001, 2.70176888e+001, 2.53815079e+001,
       3.47311668e+001, 4.86087379e+001, 6.09485016e+001,
       3.81190567e+001, 4.83324432e+001, 5.89744034e+001,
       6.52126999e+001, 6.78581848e+001, 6.65257339e+001,
       6.29876404e+001, 6.00027313e+001, 5.78305130e+001,
       5.57574387e+001, 5.28416901e+001, 4.79898567e+001,
       4.07714920e+001, 3.21532516e+001, 2.37603951e+001,
       2.19754639e+001, 3.19920521e+001, 4.69779510e+001,
       6.19651070e+001, 7.36502838e+001, 3.33585014e+001,
       4.05929337e+001, 4.80444221e+001, 5.12354431e+001,
       5.16224632e+001, 4.94501076e+001, 4.59182129e+001,
       4.29834366e+001, 4.04922638e+001, 3.78751602e+001,
       3.45957680e+001, 2.94163189e+001, 2.26747952e+001,
       1.70464821e+001, 1.79017200e+001, 2.75845757e+001,
       4.18401108e+001, 5.60902367e+001, 6.84695358e+001,
       7.71288834e+001, 2.47091064e+001, 2.72073879e+001,
       2.99583473e+001, 3.06493721e+001, 3.00567112e+001,
       2.84864311e+001, 2.69296436e+001, 2.58813572e+001,
       2.42506142e+001, 2.15756397e+001, 1.83132439e+001,
       1.41613359e+001, 1.17343550e+001, 1.51087494e+001,
       2.40013142e+001, 3.49831429e+001, 4.70539856e+001,
       5.76469345e+001, 6.54318466e+001, 6.98761597e+001,
       2.29692593e+001, 2.35149975e+001, 2.37618694e+001,
       2.32539234e+001, 2.21647415e+001, 2.07254505e+001,
       1.87757282e+001, 1.70649166e+001, 1.49126730e+001,
       1.18607855e+001, 1.07097521e+001, 1.16109972e+001,
       1.59896355e+001, 2.22448387e+001, 3.00018864e+001,
       3.79298592e+001, 4.57531624e+001, 5.18632545e+001,
       5.54077873e+001, 5.61039886e+001, 2.69997768e+001,
       2.73220387e+001, 2.69407520e+001, 2.51952915e+001,
       2.28638897e+001, 2.02096405e+001, 1.74067364e+001,
       1.49569769e+001, 1.33971968e+001, 1.24595509e+001,
       1.42243948e+001, 1.73986473e+001, 2.12660217e+001,
       2.56638584e+001, 3.04849701e+001, 3.50411987e+001,
       3.88488197e+001, 4.14514084e+001, 4.24023018e+001,
       4.16276550e+001, 3.02553997e+001, 2.91641998e+001,
       2.73717976e+001, 2.45278645e+001, 2.08132992e+001,
       1.83160744e+001, 1.70145493e+001, 1.69723625e+001,
       1.74709816e+001, 1.83966084e+001, 2.03530045e+001,
       2.22882309e+001, 2.42660255e+001, 2.60845718e+001,
       2.78603230e+001, 2.96840687e+001, 3.06873245e+001,
       3.13532944e+001, 3.14345322e+001, 3.09359684e+001,
       3.12464008e+001, 2.90985165e+001, 2.64506264e+001,
       2.32459240e+001, 2.08335724e+001, 2.03455410e+001,
       2.14538460e+001, 2.33307686e+001, 2.42405663e+001,
       2.49984169e+001, 2.58982201e+001, 2.63057461e+001,
       2.66734314e+001, 2.64111919e+001, 2.59941559e+001,
       2.59820576e+001, 2.54698124e+001, 2.54372578e+001,
       2.56459866e+001, 2.58175201e+001, 3.18540592e+001,
       3.09203930e+001, 2.95536652e+001, 2.72257462e+001,
       2.64464912e+001, 2.69576340e+001, 2.77600689e+001,
       2.92181988e+001, 2.93869705e+001, 2.90694981e+001,
       2.87525539e+001, 2.80189590e+001, 2.72579441e+001,
       2.56472511e+001, 2.41447220e+001, 2.33582077e+001,
       2.27816029e+001, 2.29782696e+001, 2.38552399e+001,
       2.43882008e+001 ]
