%YAML:1.0
StdDev: !!opencv-matrix
   rows: 1
   cols: 200
   dt: f
   data: [ 26.07048607, 38.18490601, 48.13974380, 55.91511536,
       64.07281494, 65.13906097, 57.10032272, 40.01379395, 21.13553810,
       28.96512032, 41.53960800, 44.86818695, 42.98070908, 40.43042374,
       38.31189346, 36.54541779, 34.91871262, 33.45124435, 34.89455032,
       39.93719864, 35.33887100, 53.58738708, 63.21438599, 65.49272156,
       69.42327881, 68.56567383, 58.35411072, 38.16695404, 22.94927979,
       43.28862381, 59.77284241, 62.96374130, 59.57121658, 55.40031433,
       51.39030838, 47.57842636, 44.00120926, 40.86358261, 39.43519974,
       40.77919388, 42.24215317, 62.00904083, 69.10166168, 65.30883789,
       62.91613388, 58.48458099, 45.90472794, 26.01643372, 29.19082260,
       58.84449005, 74.87208557, 75.63918304, 68.94786835, 61.37337875,
       54.24737930, 47.58049011, 41.82234573, 36.83881378, 33.08897018,
       32.01440811, 40.16440582, 55.22817993, 58.04777145, 51.85422516,
       47.12846756, 40.68365097, 27.65176392, 16.96104240, 40.22086716,
       68.16832733, 79.14263153, 75.47220612, 65.02557373, 54.12483597,
       44.86522675, 37.00638199, 30.67672729, 25.41825294, 21.30218887,
       19.96579170, 29.78931808, 36.61920547, 36.02646637, 32.39406967,
       29.11645508, 22.41604233, 12.94119263, 22.61509132, 47.61970520,
       67.48808289, 71.34568024, 63.82899094, 51.19570160, 39.05263138,
       30.27437592, 23.84858322, 19.18240356, 15.47277451, 12.83071136,
       11.95216656, 23.60934830, 24.58673286, 22.82478142, 19.96798706,
       16.12300873, 10.77310753, 14.44225979, 29.41431808, 47.04635620,
       57.25670242, 55.19730377, 47.09717178, 35.66492462, 24.46535683,
       17.99359703, 14.53272152, 12.37008381, 10.79320431, 10.06154537,
       9.62442970, 26.51682663, 26.09354019, 22.02850151, 16.47410583,
       12.28729820, 13.52354145, 20.88363075, 30.88173866, 40.07676315,
       43.34918594, 39.82442856, 35.21063232, 27.22769165, 18.00932312,
       13.02032089, 11.10264874, 10.16688061, 9.44987679, 9.51907158,
       9.53035545, 29.26454926, 26.20781136, 19.73382568, 16.10937119,
       16.49765968, 19.55733299, 23.73480225, 27.73119545, 30.74371147,
       30.95606232, 29.45044708, 28.08768082, 22.49064255, 15.43296051,
       11.35996914, 9.66329861, 9.04544067, 8.95192337, 9.46179676,
       9.92754364, 30.07308578, 24.89586258, 19.89381790, 21.14825630,
       23.60954094, 25.22534752, 25.93333054, 25.38070297, 24.61709404,
       24.44029427, 24.64764786, 24.46371841, 19.49342918, 13.56057835,
       10.18150139, 9.10605907, 8.75343037, 8.91043758, 9.76101208,
       10.60807037, 31.48112297, 28.48591995, 26.25406647, 28.02938461,
       28.81831741, 27.89552689, 26.21723938, 23.33881760, 21.92064095,
       22.50301170, 23.22450447, 22.89232635, 18.21932793, 13.11865139,
       10.42119217, 9.67787838, 10.12069988, 10.59860706, 11.61743736,
       13.11716270 ]
