%YAML:1.0
StdDev2: !!opencv-matrix
   rows: 1
   cols: 59
   dt: f
   data: [ 3.08118463e+000, 2.17443728e+000, 1.34524775e+000,
       1.48286045e+000, 1.54761612e+000, 2.82809830e+000,
       2.71282840e+000, 1.06908834e+000, 2.15528011e+000,
       5.05952644e+000, 7.09205770e+000, 1.87079775e+000,
       1.26539624e+000, 3.18707252e+000, 1.39191551e+001,
       4.65847683e+000, 1.49052095e+000, 1.29882133e+000,
       1.35582626e+000, 3.73741698e+000, 3.01947880e+000,
       2.58250833e+000, 1.14791691e+000, 9.89370167e-001,
       1.35531843e+000, 1.35751581e+000, 1.11476219e+000,
       6.69884384e-001, 5.19211769e-001, 1.32058597e+000,
       1.39985168e+000, 2.75810337e+000, 4.10117769e+000,
       3.24970031e+000, 2.02245069e+000, 2.58999395e+000,
       9.32321489e-001, 2.29658055e+000, 4.40777779e+000,
       8.86578441e-001, 7.39484370e-001, 4.10637975e-001,
       1.74208522e+000, 6.51268578e+000, 1.50427055e+000,
       5.01359344e-001, 2.33855039e-001, 1.93633163e+000,
       2.01998639e+000, 4.06986952e-001, 3.12819183e-001,
       6.79374874e-001, 3.67290914e-001, 4.70399886e-001,
       4.25135434e-001, 2.95971662e-001, 2.54954696e-001,
       1.43747342e+000, 8.12551212e+000 ]
